	CHF0M0R1	CHF4M1R1	CHF4M3R1	CHF4M3R2	CHF4M3R3	CHF4M6R1	CHF4M6R2	CHF4M6R3	CHF1M1R1	CHF1M3R1	CHF1M3R2	CHF1M3R3	CHF1M6R1	CHF1M6R2	CHF1M6R3	CHF2M1R1	CHF2M3R1	CHF2M3R2	CHF2M3R3	CHF2M6R1	CHF2M6R2	CHF2M6R3	CHF5M3R1	CHF5M3R2	CHF5M3R3	CHF5M6R1	CHF5M6R2	CHF5M6R3	CHF6M1R1	CHF6M3R1	CHF6M3R2	CHF6M3R3	CHF6M6R1	CHF6M6R2	CHF6M6R3
OTU514	296	411	97	0	66	179	132	366	0	0	0	0	0	160	0	0	0	0	0	0	0	0	0	0	0	0	0	0	0	0	0	0	0	0	0
OTU269	123	68	0	0	21	9	7	26	0	0	0	0	0	0	0	1	0	0	0	3	0	0	0	0	0	0	0	0	7	1	0	0	0	0	0
OTU417	10	4	2	0	3	11	8	8	0	0	0	0	0	0	0	0	0	0	0	0	0	0	0	0	0	0	0	0	0	0	1	0	0	0	0
OTU562	14	0	0	0	0	0	0	45	0	0	0	0	0	0	0	0	0	0	0	0	0	0	0	0	0	0	0	0	0	0	0	0	0	0	0
OTU195	0	0	0	0	117	16	44	0	0	0	0	1	0	0	0	0	0	0	0	0	0	0	0	0	0	0	1	0	0	0	0	0	0	0	0
OTU984	316	0	0	0	4	56	941	147	0	0	0	0	0	1	0	0	0	0	0	0	0	0	0	0	0	0	0	0	0	0	0	0	0	0	0
OTU449	25	4	3	0	2	2	5	3	0	0	0	0	0	0	0	0	0	0	0	0	0	0	0	0	0	0	0	0	0	0	0	1	0	0	1
OTU47	282406	241791	196221	10164	140890	197590	208338	197935	1069	516	723	208	1384	618	226	19319	5628	3778	13990	23160	12951	21202	2200	258	21324	586	1414	538	45010	4986	2190	16367	24571	28052	58746
OTU601	33	89	82	0	5	67	85	25	0	0	0	0	0	0	0	0	0	0	0	0	0	0	0	0	0	0	0	0	0	0	0	0	0	0	0
OTU129	262	22	356	0	188	695	881	395	0	0	0	0	0	1	0	0	0	0	0	0	0	0	0	0	0	1	0	0	0	0	0	0	0	0	0
OTU1340	0	0	0	0	82	20	2	0	0	0	0	0	0	0	0	0	0	0	0	0	0	0	0	0	0	0	0	0	0	0	0	0	0	0	0
OTU139	285	551	28	0	97	852	404	742	0	0	0	1	3	1	0	0	0	1	0	1	2	0	3	1	0	2	1	1	0	0	0	0	1	0	1
OTU1841	0	67	0	0	0	0	16	0	0	0	0	0	0	0	0	0	0	0	0	0	0	0	0	0	0	0	0	0	0	0	0	0	0	0	0
OTU23	333	351	445	0	472	622	308	675	0	1	0	1	0	0	2	0	0	0	0	0	1	0	0	0	0	155	0	2	0	188	0	1	0	0	0
OTU247	1811	1959	3681	1	3645	3481	3479	3159	238	0	0	6	3	124	2	20	0	0	0	0	2	2	2	1	0	0	0	1	2	312	1	0	0	99	0
OTU275	828	661	704	2	179	625	1291	1177	2	2	0	1	2	5	0	1	1	0	0	9	13	1	0	70	1	0	0	0	5	1	2	0	3	3	110
OTU329	352	123	373	0	498	532	411	672	0	0	1	2	2	0	0	0	0	0	0	268	60	0	1	0	1	0	0	0	0	0	44	1	0	0	0
OTU347	1	1	1	2	1	255	0	0	0	1	0	0	0	0	0	0	0	0	0	0	0	0	0	0	1	0	0	0	0	0	0	0	0	0	0
OTU363	538	342	94	0	165	708	335	704	0	2	0	3	3	0	2	0	0	0	0	0	0	0	0	0	0	0	0	0	0	0	0	0	0	0	0
OTU367	66	56	28	0	0	182	63	44	0	0	0	0	0	0	0	0	0	0	0	0	0	0	0	0	0	0	0	0	0	0	0	0	0	0	0
OTU398	0	0	1	0	0	39	48	1	0	0	0	1	0	0	0	0	0	0	0	0	0	0	0	0	0	0	0	0	0	0	0	0	0	0	0
OTU419	461	0	0	1	1	0	185	146	0	0	0	0	0	2	0	0	0	0	0	0	1	0	2	0	0	0	0	0	75	0	0	0	22	0	0
OTU427	808	64	1132	97	697	792	1119	1248	0	0	0	5	0	0	0	0	0	0	282	441	0	0	0	0	0	0	0	0	0	0	0	0	0	187	220
OTU457	2	0	0	0	1	0	0	3	0	0	0	0	0	0	0	0	0	0	0	0	0	0	0	0	0	0	0	0	0	0	0	0	0	0	0
OTU474	35	21	12	0	11	34	40	16	0	0	0	0	0	0	0	0	0	0	0	0	0	0	0	0	0	0	0	0	0	0	0	0	0	0	0
OTU475	5324	5061	2635	1	3237	9241	8323	9659	0	2	0	4	11	0	3	0	0	0	1	1	0	0	1	1	0	0	0	0	1	0	0	0	0	0	0
OTU687	1	54	1	0	0	60	17	0	0	1	0	1	0	0	0	0	0	0	0	1	0	0	0	0	0	0	0	0	0	2	0	0	0	0	0
OTU832	225	319	143	0	142	404	507	111	0	0	0	0	0	1	0	0	0	0	0	0	0	0	0	0	0	0	0	0	0	0	0	0	0	0	0
OTU838	72	1	182	0	181	253	292	1357	0	1	0	0	0	1	1	0	0	0	0	0	0	0	0	0	0	0	0	0	0	0	0	0	0	0	0
OTU970	152	44	0	0	114	57	122	56	0	0	0	0	0	0	0	0	0	0	0	0	0	0	0	0	0	0	0	0	0	0	0	0	0	0	0
OTU991	396	144	264	0	113	467	261	108	0	0	0	0	2	0	0	0	0	0	0	0	0	0	0	0	0	0	0	0	0	0	0	0	0	0	0
OTU1538	0	0	0	0	0	0	65	103	0	0	0	0	0	0	0	0	0	0	0	0	0	0	0	0	0	0	0	0	0	0	0	0	0	0	0
OTU395	0	0	0	0	0	73	25	0	0	0	0	0	0	0	0	0	0	0	0	0	0	0	0	0	0	0	0	0	0	0	0	0	0	0	0
OTU803	298	144	0	0	47	36	52	0	0	0	0	0	0	0	0	0	0	0	0	0	0	0	0	0	0	0	0	0	0	0	0	0	0	0	1
OTU996	811	0	46	1	10	737	291	297	0	0	0	0	0	0	0	0	0	0	0	0	0	0	0	0	0	0	0	0	0	0	0	0	0	1	0
OTU767	104	0	0	0	0	0	96	11	0	0	0	0	0	0	0	0	0	0	0	0	0	0	0	0	0	0	0	0	0	0	0	0	0	0	0
OTU137	717	318	1869	0	1524	2069	2067	1398	1	0	0	415	3	0	2	0	0	0	0	0	0	0	1	0	0	1	0	0	1	201	72	0	2	1	0
OTU322	139	3	0	0	0	4	129	7	0	0	0	0	1	0	0	0	0	0	0	0	0	0	0	0	0	0	0	0	0	0	0	0	0	0	0
OTU337	55	12	130	0	5	22	96	23	0	0	0	0	0	0	0	0	0	0	0	0	0	0	0	0	0	0	0	0	0	0	0	0	0	0	0
OTU423	0	0	0	0	0	67	36	0	0	0	0	0	0	0	0	0	0	0	0	0	0	0	0	0	0	0	0	0	0	0	0	0	0	0	0
OTU434	87	42	144	0	53	173	48	233	130	0	0	0	0	0	0	0	0	0	0	0	0	0	1	0	0	0	0	0	0	0	0	0	0	0	0
OTU445	13	0	0	0	0	0	0	23	0	0	0	0	0	0	0	0	0	0	0	0	0	0	0	0	0	0	0	0	0	0	0	0	0	0	0
OTU465	438	24	0	0	1	93	181	17	0	0	0	0	0	0	0	0	0	0	0	0	0	1	0	0	0	0	0	0	0	0	0	0	0	0	0
OTU67	326	105	590	0	411	723	746	1150	1	0	0	1	0	0	115	123	1	0	0	0	75	6	0	0	0	9	0	0	0	0	0	8	0	43	0
OTU776	0	0	47	0	0	36	135	49	0	0	0	0	0	109	0	0	0	0	0	77	0	0	0	0	0	0	0	0	0	0	0	0	0	0	0
OTU854	0	0	1	0	0	1	0	0	0	0	0	0	0	0	0	0	0	0	0	0	0	0	0	0	0	0	0	0	0	0	0	0	0	0	0
OTU86	9237	2346	4659	440	2576	6346	5150	5934	5	3	3	8	3	5	7	26	1	3	3	1	3	382	2	0	192	3	1	2	1	3	2	161	4	3	1
OTU248	115	74	14	0	57	1	121	93	0	0	0	0	0	0	0	65	0	0	0	0	0	0	0	0	0	0	0	0	0	51	0	0	0	0	0
OTU277	880	311	109	0	167	81	296	376	0	0	0	2	1	0	0	1	0	0	0	0	0	0	0	0	0	0	0	0	210	0	0	0	0	0	0
OTU975	36	53	0	0	0	51	62	1	0	0	0	0	0	0	0	0	0	0	0	0	0	0	0	0	0	0	0	0	0	0	0	0	0	0	0
OTU309	121	0	77	1	163	78	191	132	0	0	0	0	0	0	0	0	0	0	0	0	0	0	0	0	0	0	0	0	0	0	0	0	0	0	0
OTU510	69	132	114	0	19	272	59	172	0	0	0	0	0	0	0	0	0	0	0	0	0	0	0	0	0	0	0	0	2	0	0	0	0	0	0
OTU571	3	0	69	0	79	129	54	59	0	0	0	0	0	0	0	0	0	0	0	0	1	0	0	0	0	0	0	0	0	0	0	0	0	0	0
OTU95	3085	1894	351	1	48	893	842	970	2	3	0	3	2	3	243	107	2	0	2	1	2	3	4	1	2	1	1	0	1	1	3	1	0	1	4
OTU976	100	69	5	0	0	262	87	183	0	1	0	0	0	0	0	0	0	0	0	0	0	0	0	0	0	0	0	0	0	0	0	0	0	0	0
OTU1206	0	261	67	0	0	138	0	285	0	0	0	0	0	0	0	0	0	0	0	0	0	0	0	0	0	0	0	0	0	0	0	0	0	0	0
OTU1307	0	0	127	0	0	0	0	39	0	0	0	0	0	0	0	0	0	0	0	0	0	0	0	0	0	0	0	0	0	0	0	0	0	0	0
OTU228	492	378	0	0	119	156	123	402	1	0	0	1	0	0	0	0	0	0	0	0	0	0	0	0	0	0	0	1	1	0	0	0	0	0	0
OTU282	4138	843	343	0	259	760	702	1090	323	0	0	0	1	0	0	95	0	0	616	597	0	0	325	0	0	0	0	0	157	0	0	408	54	0	0
OTU304	36	104	0	0	81	97	54	53	0	0	0	0	0	0	0	0	0	0	0	0	0	0	1	1	0	0	0	0	0	0	0	0	0	0	0
OTU371	543	19	164	0	0	208	25	40	0	1	0	0	0	0	0	0	0	0	0	0	0	0	0	0	0	0	0	0	2	0	0	0	0	0	0
OTU490	72	0	0	0	0	26	22	0	0	0	0	0	0	0	0	0	0	0	0	0	0	0	0	0	0	0	0	0	0	0	0	0	0	0	1
OTU546	0	23	0	0	0	0	58	111	1	0	0	0	0	0	0	0	0	1	0	0	0	0	0	0	0	0	0	0	0	0	0	0	0	0	0
OTU739	0	0	69	0	33	0	110	1	0	0	0	0	0	0	0	0	0	0	0	0	0	0	0	0	0	0	0	0	0	0	0	0	0	0	0
OTU765	820	195	0	1	0	93	324	265	0	0	0	0	0	0	0	0	0	0	0	1	0	0	0	0	0	0	0	0	0	0	0	0	0	0	0
OTU800	0	0	0	0	0	0	17	64	0	0	0	0	0	0	0	0	0	0	0	0	0	0	0	0	0	0	0	0	0	0	0	0	0	0	0
OTU830	109	86	0	0	0	61	59	0	0	0	0	0	0	0	0	0	0	0	0	0	0	0	1	0	0	0	0	0	0	0	0	0	0	0	0
OTU836	1	1063	678	0	263	405	698	355	0	0	0	0	2	1	0	0	0	0	110	0	0	0	0	0	0	0	0	0	0	0	0	0	0	0	0
OTU227	74	0	0	1	325	192	13	771	0	0	1	2	0	1	4	1	0	0	0	1	0	0	1	0	1	0	0	1	0	1	0	0	0	1	0
OTU340	125	0	0	0	0	0	0	23	0	1	0	0	0	0	0	0	0	0	0	0	0	0	0	0	0	0	0	0	0	0	0	0	0	0	0
OTU587	26	55	0	0	48	302	142	12	0	0	0	1	0	0	0	0	0	163	0	0	0	0	0	0	0	0	0	0	0	0	0	0	0	0	0
OTU588	393	842	485	0	144	337	935	318	0	1	0	0	2	0	0	0	0	0	0	0	0	0	0	0	0	0	0	0	1	2	0	0	1	1	0
OTU759	0	87	0	0	0	0	14	0	0	0	0	0	0	0	0	0	0	0	0	0	0	0	0	0	0	0	0	0	0	0	0	0	0	0	0
OTU771	0	23	21	0	61	176	287	309	0	0	0	0	0	0	0	0	0	0	0	0	0	0	0	0	0	0	0	0	0	0	0	0	0	0	0
OTU780	77	0	0	0	0	0	8	302	0	0	0	0	0	0	0	0	0	0	0	0	0	0	0	0	0	0	0	0	0	0	0	0	0	0	0
OTU810	0	1	0	0	20	30	55	30	0	0	0	0	0	0	0	0	0	0	0	0	0	0	0	0	0	0	0	0	0	0	0	0	0	0	0
OTU826	28	0	0	0	65	0	0	0	0	0	0	0	0	0	0	0	0	0	0	0	0	0	0	0	0	0	0	0	0	0	0	0	0	0	0
OTU19	1190	1361	2714	0	1999	1229	1629	828	0	3	0	3	0	2	0	2	0	100	0	0	232	0	0	0	1	98	0	1	69	223	0	447	0	0	0
OTU1346	57	78	0	0	92	108	84	88	0	0	0	0	0	0	0	0	0	0	0	0	0	0	0	0	0	0	0	0	0	0	0	0	0	0	0
OTU537	42	0	47	77	193	719	857	1072	0	0	0	0	0	0	2	0	0	0	0	0	101	577	0	0	1	0	0	0	0	239	0	0	0	0	0
OTU548	269	233	461	0	313	305	851	544	1	2	1	2	0	1	0	0	0	1	1	0	0	0	2	1	0	0	0	0	146	0	0	2	0	0	0
OTU389	0	0	0	0	6	19	0	27	0	0	0	0	0	0	0	0	0	0	0	0	0	0	0	0	0	0	0	0	0	0	0	0	0	0	0
OTU426	6	33	29	0	7	470	708	904	0	0	1	0	2	1	0	0	1	0	0	0	0	0	0	0	0	0	0	0	0	0	0	0	0	0	0
OTU973	0	0	0	0	0	554	492	138	0	0	0	0	0	1	1	0	0	0	0	0	0	0	0	0	0	0	0	0	0	0	0	0	0	0	0
OTU256	932	73	1392	2	53	1139	485	59	0	0	0	1	2	66	1	116	4	0	0	1	0	0	2	0	0	0	0	0	0	0	0	2	78	0	0
OTU29	1	0	529	801	113	166	343	135	455	1137	568	1095	124	753	678	1	4273	495	2140	413	508	0	2241	373	4139	677	521	751	0	764	737	579	962	737	654
OTU575	1974	0	0	0	0	48	64	83	0	0	0	0	0	0	0	0	0	0	0	0	0	0	0	0	0	0	0	0	0	0	0	0	0	0	0
OTU742	0	0	0	0	63	0	1	14	0	0	0	0	0	0	0	0	0	0	0	0	0	0	0	0	0	0	0	0	0	0	1	0	0	0	0
OTU793	0	0	0	0	0	336	358	98	0	0	0	0	0	0	0	0	0	0	0	0	0	0	0	0	0	0	0	0	0	0	0	0	0	0	0
OTU240	49	151	443	62	326	938	275	321	0	0	0	1	1	0	0	0	0	0	0	0	0	0	0	0	1	0	0	1	0	0	0	0	0	1	0
OTU566	0	35	0	0	0	0	0	41	0	0	0	0	0	0	0	0	0	0	0	0	0	0	0	0	0	0	0	0	0	0	0	0	0	0	0
OTU2	226	231	1518	4239	2428	1088	2064	333	4071	3657	2747	6976	1371	2662	4953	1050	23129	3629	7976	5395	1938	6201	8098	1396	8388	3179	2377	3186	78	4278	3315	4896	2007	4571	4922
OTU30	40	1	4056	1957	158	1559	268	79	346	822	2445	6084	250	1841	385	575	6321	133	3275	4515	421	451	5421	2345	2978	1505	1	370	123	2527	4002	10278	369	1100	1247
OTU59	0	1	163	155	278	16	81	3	1	92	1088	1369	140	1	0	105	0	773	537	2671	119	1	321	503	928	17	1	108	103	163	3382	358	645	0	22
OTU58	1	30	0	25	0	0	0	0	10	0	52	123	54	148	383	114	289	58	303	833	19	2	50	0	387	103	26	216	0	179	0	50	27	0	0
OTU9	237	93	152	1092	384	550	127	184	451	532	1183	2164	44	851	621	137	2380	374	2350	2869	576	312	1880	712	1319	574	320	1320	87	794	520	1030	65	760	431
OTU1	1116	17	10	19	24	5289	5153	5973	21	6	34	15	14545	19538	19517	7	32	6	16	25390	8547	25170	23	5	38	22522	10075	34626	4	21	7	12	9839	13660	19006
OTU4	2516	892	1624	6335	2204	5061	3560	4335	7964	4821	3616	9972	16119	15444	19989	4914	27548	4973	15997	25668	14211	8305	12526	8912	28837	23138	10465	26602	2227	9913	4139	9455	9019	8659	20075
OTU487	9	1	1	0	1	10	12	9	0	0	0	0	0	0	0	0	0	0	1	1	1	1	0	0	0	0	0	0	0	0	0	0	0	1	2
OTU5	452	6	1	2	3	871	993	728	2	2	8	1	1910	1793	4090	1	3	3	1	3525	2724	3312	4	3	2	3932	3156	4845	1	5	1	0	1822	1908	2745
OTU6	451	7	2	13	5	1540	1499	1140	5	5	4	12	4481	8971	1524	4	16	1	7	4023	7308	4840	5	5	932	5205	3589	7623	2	3	5	1	2162	2986	5500
OTU27	106	13	0	1	23	32	73	157	66	197	131	630	404	421	782	19	0	38	150	1352	1341	392	289	99	34	309	421	271	0	200	28	258	466	164	115
OTU36	208	84	718	1500	1083	392	495	786	1474	1079	1820	4077	933	2434	3393	500	2189	379	249	3780	3385	4287	3743	703	1421	2277	956	1156	887	2684	1043	3185	2011	1080	2600
OTU61	44	6	118	4	200	113	356	60	2610	445	317	173	1	84	122	0	3642	902	3883	14	1143	2274	1301	8	2624	130	478	274	1214	1341	1171	930	356	860	5704
OTU952	0	0	70	230	1	0	0	0	0	0	0	0	0	0	0	0	0	0	0	0	46	0	0	0	0	0	0	0	0	0	0	0	0	0	0
OTU899	0	0	0	19	0	0	0	8	0	0	0	0	0	0	0	0	0	0	0	0	0	0	0	0	0	0	0	0	0	0	0	0	0	0	0
OTU3	584	233	495	3080	971	2067	1869	905	7628	3174	1412	4874	10060	23976	25609	2612	4590	2074	3332	16769	12373	13332	1654	1267	1863	4457	2666	4161	1151	3346	989	5790	3685	1413	7602
OTU41	0	52	12	0	0	49	0	0	1	209	156	1	0	932	0	91	1793	1	1551	58	89	0	509	0	0	65	0	0	0	401	81	0	30	36	341
OTU1297	342	680	57	0	203	574	550	711	0	0	0	0	0	0	0	0	0	0	0	0	155	0	0	0	0	0	0	0	0	0	0	0	0	0	0
OTU1353	123	0	0	0	69	262	61	119	0	0	0	0	0	0	0	0	0	0	0	0	0	0	0	0	0	0	0	0	0	0	0	0	0	0	0
OTU1368	0	0	0	0	90	254	922	328	0	0	0	0	1	0	0	0	0	0	0	0	0	0	0	0	0	0	0	0	0	0	0	0	0	0	0
OTU45	804	61	201	0	371	475	474	734	0	0	0	0	1	0	353	59	553	1	0	173	86	0	0	1	0	106	36	0	0	0	0	0	86	0	305
OTU7	389	642	126	0	371	1171	1194	558	0	0	0	0	2	0	0	62	0	0	0	0	0	0	0	0	0	70	0	405	1	0	0	0	687	99	0
OTU84	379	377	328	0	169	263	671	482	0	4	0	1	0	1	1	136	65	7	0	64	0	0	0	101	0	2	0	498	46	0	0	0	41	81	0
OTU962	0	0	77	0	0	0	0	74	0	0	0	0	0	0	0	0	0	0	0	0	0	0	0	0	0	0	0	0	0	0	0	0	0	0	0
OTU18	101	85	13555	6537	4279	235	646	296	676	10910	26789	28948	2972	963	926	937	12102	15728	12152	1303	636	5382	70767	10282	16870	764	2246	4518	431	4335	23010	10623	832	2257	1003
OTU362	0	0	0	0	44	40	77	37	0	0	0	0	0	0	0	0	0	0	0	0	0	0	0	1	0	0	0	0	0	0	1	0	0	0	0
OTU447	8	1	21	0	8	1	4	0	0	0	0	0	0	0	0	0	0	0	0	2	0	2	0	1	0	0	0	0	0	0	0	2	2	0	0
OTU25	368	3	1157	660	189	60	176	195	1843	14621	182	1445	86	256	6196	257	1317	11455	133	94	131	205	414	2993	1698	357	50	122	385	469	17123	584	1260	597	472
OTU14	657	1543	746	3126	607	665	2414	1115	7507	12988	3425	5849	1600	2937	6413	4607	4541	801	2423	4549	1708	970	1722	844	12715	1900	1022	2737	11024	2436	1491	4051	2079	2393	3266
OTU125	0	21924	1	0	0	80	53	0	0	0	0	0	0	0	0	0	1	0	0	0	0	0	0	0	0	1	0	1	0	0	0	0	0	0	1
OTU232	0	0	78	0	0	82	30	78	0	0	0	0	0	0	0	2	0	0	0	0	0	0	0	0	0	0	0	77	34	0	0	0	0	0	0
OTU1010	0	0	0	0	98	16	428	0	0	0	0	0	0	0	0	0	0	0	0	0	0	0	0	0	0	0	0	0	0	0	0	0	0	0	0
OTU1016	0	29	16	0	123	30	109	97	0	0	0	0	0	0	0	0	0	0	0	0	0	0	0	0	0	0	0	0	0	0	0	1	0	0	0
OTU1045	2	0	61	37	0	0	33	53	0	1	0	0	0	0	0	0	0	0	0	0	0	0	0	0	0	0	0	0	0	0	0	0	97	0	0
OTU1046	0	77	108	0	0	180	294	157	0	0	0	0	3	0	0	0	0	0	0	0	0	0	0	0	0	0	0	0	213	0	0	0	0	0	0
OTU1057	0	0	0	0	48	0	0	269	0	0	0	1	0	0	0	0	0	0	0	0	0	0	0	0	0	0	0	0	0	0	0	0	0	0	0
OTU1128	0	160	45	0	1	16	110	17	0	0	0	0	1	0	0	0	0	0	0	0	0	0	0	0	0	0	0	0	0	0	0	0	0	0	0
OTU1159	8	101	61	0	0	108	235	128	0	0	0	0	0	0	0	0	0	0	0	0	0	0	0	0	0	0	0	0	0	0	0	0	0	0	0
OTU1285	16	25	69	0	73	131	11	111	0	0	0	0	0	0	0	0	0	0	0	0	0	0	0	0	6	0	0	0	0	0	0	0	0	0	0
OTU1288	0	0	228	0	0	215	0	0	0	0	0	0	0	0	0	0	0	0	0	0	0	0	0	0	0	0	0	0	0	0	0	0	0	0	0
OTU1290	0	94	101	0	116	388	286	107	0	0	0	0	0	0	0	0	0	0	0	0	0	0	0	0	0	0	0	0	0	0	0	0	0	0	0
OTU1291	0	0	242	0	153	47	0	0	0	0	0	0	0	0	0	0	0	0	0	0	0	0	0	0	0	0	0	0	0	0	0	0	0	0	0
OTU1300	8	0	45	0	38	12	9	26	0	0	0	0	0	0	0	0	0	0	0	0	0	0	0	0	0	0	0	0	0	0	0	0	0	0	0
OTU1301	5	62	26	1	38	29	0	0	0	0	0	0	0	0	0	0	0	0	0	0	0	0	0	0	0	0	0	0	0	0	0	0	0	91	0
OTU1302	0	146	93	0	112	3	239	22	0	0	0	0	0	1	0	0	0	0	0	0	0	0	0	0	0	0	0	0	0	0	0	0	0	0	0
OTU1313	0	0	31	0	47	14	0	0	0	0	0	0	0	0	0	0	0	0	0	0	0	0	0	0	0	0	0	0	0	0	0	0	0	0	0
OTU1315	0	257	92	0	21	208	29	80	0	0	0	0	0	0	0	0	0	0	0	0	0	0	0	0	0	0	0	0	0	0	0	0	0	0	0
OTU1324	0	0	33	0	3	17	114	311	0	0	0	0	0	0	0	0	0	0	0	0	0	0	0	0	0	0	0	0	0	0	0	0	0	0	0
OTU1326	0	0	78	0	71	130	72	109	0	0	0	0	0	0	0	0	0	0	0	0	0	0	0	0	0	0	0	0	0	0	0	0	0	0	0
OTU1327	0	39	18	0	43	0	0	0	0	0	0	0	0	0	0	0	0	0	0	0	0	0	0	0	0	0	0	0	0	0	0	0	0	0	0
OTU1328	0	0	16	0	0	0	10	21	0	0	0	0	0	0	0	0	0	0	0	0	0	0	0	0	0	0	0	0	0	0	0	0	0	0	0
OTU1360	0	0	0	0	157	0	0	585	0	0	0	0	0	0	0	0	0	0	0	0	0	0	0	0	0	0	0	0	0	0	0	0	0	0	0
OTU1361	0	0	0	0	51	17	20	36	0	0	0	0	0	0	0	0	0	0	0	0	0	0	0	0	0	0	0	0	0	0	0	0	0	0	0
OTU1363	18	28	0	0	88	97	307	290	0	0	0	0	0	0	0	0	0	0	0	0	0	0	0	0	0	0	0	0	0	0	0	0	0	0	0
OTU1365	0	63	0	0	15	201	85	129	0	0	0	0	0	0	0	0	0	0	0	0	0	0	0	0	0	0	0	0	0	0	0	0	0	0	0
OTU1372	0	46	0	0	53	0	15	91	0	0	0	0	0	0	0	0	0	0	0	0	0	0	0	0	0	0	0	0	0	0	0	0	0	0	0
OTU1375	0	5	0	0	1	16	81	12	0	0	0	0	0	0	0	0	0	0	0	0	0	0	0	0	0	0	0	0	0	0	0	0	0	0	0
OTU1410	0	10	0	0	0	0	0	16	0	0	0	0	0	0	0	0	0	0	0	0	0	0	0	0	0	0	0	0	0	0	0	0	0	0	0
OTU1535	37	48	0	0	0	0	16	0	0	0	0	0	0	0	0	0	0	0	0	0	0	0	0	0	0	0	0	0	0	0	0	0	0	0	0
OTU1537	25	0	0	0	0	0	0	59	0	0	0	0	0	0	0	0	0	0	0	0	0	0	0	0	0	0	0	0	0	0	0	0	0	0	0
OTU166	4	0	53	2	0	0	1	0	8	7	0	330	0	85	2	0	238	92	1	4	1	5	909	1	30	0	79	3	1	20	8	58	5	52	0
OTU1801	16	12	0	0	0	0	0	0	0	0	0	0	0	0	0	0	0	0	0	0	0	0	0	0	0	0	0	0	0	0	0	0	0	0	0
OTU1805	14	0	0	0	0	0	6	5	0	0	0	0	0	0	0	0	0	0	0	0	0	0	0	0	0	0	0	0	0	0	0	0	0	0	0
OTU1807	7	10	0	0	0	7	0	85	0	0	0	0	0	0	0	0	0	0	0	0	0	0	0	0	0	0	0	0	0	0	0	0	0	0	0
OTU198	32	40	45	0	5	31	13	133	1	0	0	0	0	0	0	0	0	0	0	0	0	0	0	0	1	0	1	0	0	0	0	0	0	3	0
OTU216	2	3	2	0	19	26	67	21	0	0	0	0	0	0	0	0	0	0	0	0	0	0	0	0	0	0	0	21	0	0	0	0	0	5	1
OTU2247	0	0	0	0	0	19	156	0	0	0	0	0	0	0	0	0	0	0	0	0	0	0	0	0	0	0	0	0	0	0	0	0	0	0	0
OTU297	16	144	80	0	126	397	474	680	0	0	0	0	0	1	0	1	0	1	0	0	0	0	0	0	0	0	0	0	0	1	0	0	0	0	0
OTU307	14	1380	709	0	1301	1746	3385	3498	323	0	0	0	4	0	0	0	0	0	0	0	0	0	0	0	0	0	0	0	0	0	0	0	37	0	0
OTU333	0	0	0	0	0	33	414	266	0	0	0	0	0	0	1	0	0	0	0	0	0	0	0	0	0	0	0	0	0	0	0	0	0	0	0
OTU335	0	98	0	0	0	33	173	53	0	0	0	1	0	0	0	0	0	0	0	0	0	0	0	0	0	0	0	0	0	0	0	0	7	0	0
OTU364	0	0	0	0	0	10	31	1	0	0	0	0	0	0	0	0	0	0	0	0	0	0	0	0	1	0	0	0	0	0	0	0	0	0	0
OTU413	0	0	0	0	0	85	19	0	0	0	0	0	0	0	0	0	0	0	0	0	0	0	1	0	0	0	0	0	0	0	0	0	0	0	0
OTU439	1	685	23	0	845	527	974	1883	0	0	0	1	0	0	0	0	0	0	0	0	0	0	1	0	0	0	0	0	0	0	0	0	0	0	0
OTU44	20	62	41	0	0	159	254	267	0	0	0	0	0	0	0	0	0	0	0	0	0	0	0	0	0	68	0	273	0	0	0	0	0	0	0
OTU455	0	0	0	0	69	0	23	4	0	0	0	2	0	0	0	0	0	0	0	40	0	0	0	0	0	0	0	0	0	0	0	0	0	0	0
OTU476	31	0	0	0	0	24	118	164	0	0	0	0	0	0	2	0	0	0	0	0	24	0	0	0	0	0	0	0	0	0	0	0	0	0	0
OTU48	0	89	138	0	173	329	290	920	0	0	0	0	3	0	0	0	1	0	0	0	0	0	0	0	0	134	0	0	0	8	0	0	0	0	0
OTU574	1	0	88	0	395	992	352	856	0	0	0	1	1	0	0	0	0	0	0	0	0	0	0	0	0	0	0	0	0	0	0	0	0	0	0
OTU615	0	0	0	0	0	0	33	211	0	0	0	0	0	0	0	0	0	0	0	0	0	0	0	0	0	0	0	0	0	0	0	0	0	0	0
OTU648	1	14	0	0	58	19	136	85	0	0	0	1	0	1	0	0	0	0	0	0	0	0	0	0	0	0	0	0	0	0	0	0	0	0	0
OTU66	0	1	3	0	1	6	4	16	0	0	0	0	0	0	0	0	0	0	0	0	0	0	0	0	0	1	0	0	0	0	0	0	0	0	0
OTU663	0	0	0	0	95	108	860	154	0	0	0	1	0	1	0	0	0	0	0	0	0	0	0	0	0	0	0	0	0	0	0	0	0	1	0
OTU693	0	0	0	0	26	19	0	0	0	0	0	0	1	0	0	0	0	0	0	0	0	0	0	0	0	0	0	0	0	0	0	0	0	0	0
OTU760	0	132	0	0	0	98	47	29	0	0	0	0	1	0	0	0	0	0	0	0	0	0	0	0	0	0	0	0	0	0	0	0	0	0	0
OTU774	0	0	39	0	78	54	143	41	0	0	0	1	0	0	0	0	0	0	0	0	0	0	0	0	0	0	0	0	0	0	0	0	0	0	0
OTU777	85	513	296	1	661	2456	3212	2209	0	0	0	1	4	2	0	0	0	0	0	0	0	0	0	0	0	0	0	0	0	0	0	1	0	0	0
OTU782	0	0	0	0	0	68	482	24	0	0	0	0	0	1	0	0	0	0	0	0	0	0	0	0	0	0	0	0	0	0	0	0	0	0	0
OTU852	27	45	75	0	10	263	399	440	0	0	0	0	0	0	0	0	0	0	0	0	0	0	0	0	0	0	0	0	0	0	0	0	0	0	0
OTU943	539	77	62	2	12	420	165	106	0	0	0	0	1	0	0	0	0	1	0	0	1	0	0	0	0	0	0	0	0	0	0	0	0	0	0
OTU974	0	86	0	0	0	0	32	51	0	0	0	0	0	0	0	0	0	0	0	0	0	0	0	0	0	0	0	0	0	0	0	0	0	0	0
OTU990	24	0	228	0	7	534	661	35	0	0	0	0	1	0	0	0	1	0	0	241	0	0	0	0	501	0	0	0	0	0	0	0	0	1	0
OTU995	15	0	72	0	0	0	24	0	0	0	0	0	0	0	0	0	0	0	0	0	0	0	0	0	0	0	0	0	0	0	0	0	0	0	0
