	APF0M0R1	APF4M1R1	APF4M1R2	APF4M1R3	APF4M3R1	APF4M3R2	APF4M3R3	APF4M6R1	APF4M6R2	APF4M6R3	APF1M1R1	APF1M1R2	APF1M1R3	APF1M3R1	APF1M3R2	APF1M3R3	APF1M6R1	APF1M6R3	APF2M1R1	APF2M1R2	APF2M1R3	APF2M3R1	APF2M3R2	APF2M3R3	APF2M6R1	APF2M6R2	APF2M6R3	APF5M1R1	APF5M1R2	APF5M1R3	APF5M3R1	APF5M3R2	APF5M3R3	APF5M6R1	APF5M6R2	APF6M6R1	APF6M1R1	APF6M1R2	APF6M1R3	APF6M3R1	APF6M3R2	APF6M3R3	APF6M6R2	APF6M6R3
OTU352	854	26	45	0	2082	2096	1391	291	222	635	0	0	0	1	0	1	111	0	1	1	0	0	298	0	126	1	187	0	0	12	0	0	0	0	107	0	0	0	0	0	204	496	0	85
OTU385	15	0	0	0	0	0	9	0	0	0	0	0	0	0	0	0	0	0	0	0	0	0	0	0	0	0	0	0	0	0	0	0	0	0	0	0	0	0	0	0	0	0	0	0
OTU502	20	0	0	0	17	53	26	11	1	10	0	0	0	0	0	0	0	0	0	0	0	0	0	0	0	0	0	0	0	1	0	0	0	0	0	0	0	0	0	0	0	0	0	0
OTU1641	0	8	2	6	0	1	3	0	0	0	0	0	0	0	0	0	0	0	0	0	0	0	0	0	0	0	0	0	0	0	0	0	0	0	0	0	0	0	0	0	0	0	0	0
OTU205	1	22	48	24	24	0	0	0	0	0	0	0	0	0	1	0	0	0	0	0	0	0	0	0	0	0	0	0	0	0	0	0	0	0	0	0	0	0	0	0	0	0	0	0
OTU226	2706	73	47	142	3376	3137	2771	1109	1464	2912	0	1	1	2	2	3	302	403	0	0	1	723	592	226	1218	262	842	0	1	10	146	0	0	1685	0	120	0	0	0	54	0	254	405	772
OTU241	4349	173	107	138	9497	9406	6788	3067	3200	7455	0	0	0	671	544	232	71	101	0	0	50	1086	568	513	7060	2121	2653	0	0	39	594	541	641	1380	205	1338	0	1	0	962	129	594	2613	2923
OTU303	522	0	0	0	898	641	508	250	280	582	0	0	0	0	184	0	53	0	1	0	0	0	82	0	0	0	0	0	0	3	0	196	0	0	0	241	0	0	0	0	125	177	0	86
OTU315	400	46	7	22	449	308	341	141	136	287	0	2	0	0	1	2	4	9	1	2	0	1	8	15	54	25	35	0	0	2	0	3	0	17	0	0	10	5	6	16	5	49	11	15
OTU318	21	0	0	0	469	238	225	10	28	63	0	0	0	0	0	151	0	0	0	0	0	0	7	0	35	0	0	0	0	1	0	0	0	0	0	147	0	0	0	0	0	82	0	0
OTU400	91	0	0	0	154	256	188	48	49	35	0	0	0	0	0	0	4	0	0	0	0	0	14	0	0	0	0	0	0	0	0	0	0	0	0	0	0	0	0	0	0	0	43	0
OTU417	42	0	0	0	24	18	22	12	10	35	0	0	0	0	0	0	0	0	0	0	0	0	0	0	0	0	1	0	0	0	0	0	0	0	0	0	0	0	0	0	0	0	0	0
OTU97	3549	73702	78847	72521	22068	21164	11225	1397	1705	2237	6	129	27	748	445	176	1488	759	646	598	647	203	634	420	2325	2863	1615	122	1	151	343	343	279	12935	855	551	298	449	270	1402	797	359	834	773
OTU195	527	408	122	185	1484	1818	1531	194	176	439	0	0	0	0	0	175	0	0	0	1	1	0	265	0	341	487	165	1	1	8	1	0	0	0	147	98	0	124	0	0	0	0	20	47
OTU409	66	0	14	0	121	59	55	4	0	24	0	0	0	0	2	0	0	0	0	0	0	0	0	0	0	0	0	0	0	1	0	0	0	0	0	0	0	0	0	0	0	0	0	0
OTU47	8791	1074	1224	845	14043	13660	10694	4095	4859	8994	12	83	11	355	207	302	426	97	73	732	316	136	629	898	6219	2082	2390	6	191	86	110	504	21	1532	224	114	680	626	145	1306	746	528	1054	1575
OTU1200	0	0	0	0	2	0	0	7	0	0	0	0	0	0	0	0	0	0	0	0	0	0	0	0	0	0	0	0	0	0	0	0	0	0	0	0	0	0	0	0	0	0	0	0
OTU176	295	599	464	409	582	648	170	152	249	177	0	0	0	0	0	0	1	0	0	0	0	0	0	0	0	0	0	0	0	1	0	0	0	0	0	0	0	0	0	0	0	0	1	68
OTU193	3411	1651	1833	1867	2077	3072	2584	1060	1545	3503	1	0	1	0	69	0	0	0	0	0	1	0	0	92	0	830	0	0	0	16	1	0	0	0	149	0	0	0	0	439	0	0	0	444
OTU225	0	0	0	0	0	0	96	5	0	34	0	0	0	0	0	0	0	0	0	0	0	0	0	0	0	0	0	0	0	0	0	0	0	0	0	0	0	0	0	0	0	0	0	0
OTU247	5633	4209	4189	3649	4000	3203	2745	2334	2966	5324	1	3	2	185	71	42	146	1	33	16	0	0	516	1	792	3497	528	0	1	14	108	1	0	0	263	0	1	242	76	164	219	229	199	1054
OTU278	61	206	2	1	89	2	229	1	1	20	0	0	1	0	0	0	0	0	0	0	0	0	0	1	0	0	0	0	0	1	0	0	0	0	0	1	0	1	0	0	0	1	1	2
OTU289	369	540	545	333	175	88	19	104	126	152	0	0	0	0	0	0	0	1	0	0	0	0	0	0	205	0	0	0	0	0	0	0	0	0	0	0	0	0	0	0	0	0	68	0
OTU311	135	0	0	0	123	0	0	0	0	0	0	0	0	0	0	0	0	0	0	0	0	0	0	0	0	0	0	0	0	0	0	0	0	0	0	0	0	0	0	0	0	0	0	0
OTU327	67	4	2	4	47	48	38	19	22	38	0	0	0	0	0	0	1	0	0	0	0	0	0	0	0	0	0	0	0	1	0	2	0	6	0	0	0	0	0	0	0	0	0	4
OTU328	34	0	0	0	29	0	37	0	68	14	0	0	0	0	0	0	0	0	0	0	0	0	0	0	0	0	0	0	0	0	0	0	0	0	0	0	0	0	0	0	0	0	0	72
OTU329	521	300	359	82	1518	1463	950	406	553	739	0	1	0	0	0	177	106	1	0	0	0	0	0	0	0	0	0	0	0	7	45	0	0	0	0	1	0	0	0	0	0	0	0	153
OTU331	15	0	0	0	7	0	8	6	6	24	0	0	0	0	0	0	0	0	0	0	0	0	0	0	0	0	0	0	0	0	0	0	0	0	0	0	0	0	0	0	0	16	0	0
OTU332	89	0	0	0	13	50	95	44	26	63	0	0	0	0	0	0	0	0	0	0	0	0	0	0	0	0	0	0	0	0	0	0	0	0	0	0	0	0	0	0	0	0	0	0
OTU338	254	27	30	37	195	211	145	69	89	151	0	0	0	1	0	0	3	0	0	0	0	0	0	0	0	0	0	0	0	2	0	0	0	13	0	0	0	0	0	0	0	0	0	12
OTU342	1539	115	0	1	2079	1476	1461	1132	814	1960	0	0	0	0	0	0	0	0	0	0	0	0	0	55	0	845	187	0	0	11	0	0	0	0	411	155	0	0	0	0	1414	0	165	280
OTU343	396	38	57	45	138	458	252	133	129	336	0	0	0	0	0	0	0	0	0	0	0	0	0	0	0	0	0	0	0	1	0	0	0	0	0	0	0	0	0	0	0	0	0	0
OTU346	205	1981	0	0	0	201	401	5	127	243	0	0	0	0	0	0	0	26	0	0	0	0	0	0	0	0	0	0	0	4	0	0	0	0	0	0	0	0	0	0	0	0	0	0
OTU347	79	307	19	0	43	67	25	110	89	54	1	0	0	0	0	0	0	0	1	0	0	0	0	0	0	0	0	1	0	0	1	0	0	0	7	1	0	1	1	0	0	0	1	0
OTU351	286	950	1129	1134	246	225	278	137	119	412	0	0	0	0	0	0	18	0	0	0	0	0	0	0	370	0	0	0	0	2	0	0	0	0	0	0	0	0	0	0	0	0	0	58
OTU356	321	0	0	0	364	259	102	86	134	130	0	0	0	0	0	0	35	0	0	0	0	0	0	0	0	0	0	0	0	1	0	0	0	0	0	0	0	0	0	0	0	35	0	0
OTU357	27	2	6	10	33	10	4	2	8	24	0	0	0	0	0	0	0	0	0	0	0	0	0	0	0	0	0	0	0	0	0	0	0	0	0	0	0	0	0	0	0	0	0	0
OTU360	185	0	0	3	8	268	64	84	70	262	0	0	0	0	0	0	0	0	0	0	0	0	0	0	0	0	0	0	0	1	0	0	0	0	0	0	0	0	0	0	0	0	0	0
OTU363	228	1193	1058	1262	589	379	186	162	196	309	0	1	0	0	0	0	0	2	0	0	1	0	1	0	0	0	0	0	0	2	0	0	0	0	0	0	0	0	0	0	0	0	0	77
OTU367	158	39	47	0	293	48	132	39	127	234	0	0	0	0	0	0	0	0	0	0	0	0	0	0	0	0	0	0	0	0	0	0	0	0	0	0	0	1	0	0	0	0	0	0
OTU390	48	0	0	0	13	37	42	0	0	85	0	0	0	0	0	0	0	0	0	0	0	0	0	0	0	0	0	0	0	0	0	0	0	0	0	0	0	0	0	0	0	0	0	0
OTU394	95	6	8	6	72	82	36	43	13	33	0	0	0	0	0	0	0	0	0	0	0	0	0	0	0	0	1	0	0	1	0	0	0	0	0	0	0	0	0	0	0	0	0	0
OTU402	81	0	0	0	0	0	0	45	2	0	0	0	0	0	0	0	0	0	0	0	0	0	0	0	0	0	0	0	0	0	0	0	0	0	0	0	0	0	0	0	0	0	0	0
OTU404	2	0	0	0	0	0	0	2	0	0	0	0	0	0	0	0	0	0	0	0	0	0	0	0	0	0	0	0	0	0	0	0	0	0	0	0	0	0	0	0	0	0	0	0
OTU410	7	13	22	15	7	5	2	4	6	20	0	0	0	0	0	0	0	0	0	0	0	0	0	0	10	0	0	0	0	0	0	0	0	0	1	0	0	0	0	0	0	0	0	0
OTU427	47	46	120	53	5	5	25	14	26	60	0	0	0	0	0	0	0	0	40	0	0	0	0	1	0	0	0	0	0	0	0	91	0	0	0	0	1	0	0	0	0	0	0	0
OTU435	14	0	0	33	0	0	9	3	3	0	0	0	0	62	0	0	0	0	0	0	0	0	0	0	0	0	0	0	0	0	0	0	0	0	0	0	0	0	0	0	0	0	0	3
OTU444	1	0	1	0	6	4	0	3	2	0	0	0	0	0	0	0	0	0	0	0	0	0	0	0	0	0	0	0	0	0	0	0	0	0	0	0	0	0	0	0	0	0	0	0
OTU457	43	20	3	107	13	65	61	14	15	81	0	0	0	0	0	0	0	0	0	0	0	0	0	0	0	0	0	0	0	2	120	0	0	0	0	0	0	0	0	310	0	0	0	0
OTU515	6	218	0	0	243	82	59	144	76	109	0	0	0	0	0	0	0	0	0	0	0	0	0	0	0	0	107	0	0	2	0	0	0	0	0	0	0	0	0	0	0	0	0	79
OTU395	24	84	341	462	22	32	27	0	0	0	0	0	0	0	0	0	0	0	0	0	0	0	0	0	0	0	0	0	0	0	0	0	0	0	1	99	0	0	0	0	0	0	0	0
OTU1033	0	0	0	0	4	2	3	1	2	0	0	0	0	0	0	0	0	0	0	0	0	0	0	0	0	0	0	0	0	0	0	0	0	0	0	0	0	0	0	0	0	0	0	0
OTU1216	0	0	0	0	0	0	10	7	0	18	0	0	0	0	0	0	0	0	0	0	0	0	0	0	0	0	0	0	0	0	0	0	0	0	0	0	0	0	0	0	0	0	0	0
OTU1220	0	0	47	0	0	10	0	2	0	0	0	0	0	0	0	0	0	0	0	0	0	0	0	0	0	0	0	0	0	0	0	0	0	0	0	0	0	0	0	0	0	0	0	0
OTU137	2452	4392	4030	5128	1256	829	591	631	826	2130	0	1	92	0	1	0	108	2	267	77	105	50	60	592	0	818	49	1	79	37	0	0	1	131	58	0	609	16	318	700	217	90	279	55
OTU317	760	2104	1541	2918	492	430	309	320	389	549	1	0	3	0	0	0	0	159	1	0	0	0	127	0	0	945	0	0	0	1	43	0	0	0	1	0	0	0	0	0	1	0	0	0
OTU322	399	721	802	904	497	419	180	87	158	238	0	1	0	0	0	0	41	0	0	0	0	0	0	64	666	0	458	0	0	1	0	4	63	0	0	70	1	0	0	211	10	50	103	153
OTU337	167	217	127	127	737	254	266	65	177	430	0	0	0	0	0	0	0	0	0	0	0	0	70	239	0	0	0	0	0	1	0	0	0	2	0	0	0	0	0	0	0	0	0	0
OTU407	34	66	0	32	30	85	84	29	24	68	0	0	0	0	0	0	0	0	0	0	0	0	0	0	0	206	0	0	0	2	0	0	0	0	0	0	0	0	0	0	0	0	0	0
OTU423	6	0	0	0	0	0	6	0	3	3	0	0	0	0	0	0	0	0	0	0	0	0	0	0	0	0	0	0	0	0	0	0	0	0	0	0	0	0	0	0	0	0	0	0
OTU425	37	53	58	122	57	84	20	16	22	41	0	0	0	0	0	0	0	0	0	0	0	0	0	0	0	0	0	0	0	1	0	0	0	0	0	0	0	6	0	0	0	0	0	0
OTU434	7	30	52	34	16	0	9	13	15	47	0	0	0	0	0	0	0	0	0	0	0	0	0	0	0	0	0	0	0	0	0	0	0	0	0	0	0	0	0	0	0	0	0	0
OTU445	1	0	0	2	1	2	0	4	3	2	0	0	0	0	0	0	0	0	0	0	0	0	0	0	0	0	0	0	0	0	0	0	0	0	0	0	0	0	0	0	0	0	0	0
OTU462	1	2	0	0	0	0	1	0	2	0	0	0	0	0	0	0	0	0	0	0	0	0	0	0	0	0	0	0	0	0	0	0	0	0	0	0	0	0	0	0	0	0	0	0
OTU465	5	0	1	0	6	6	1	1	3	2	0	0	0	0	0	0	0	0	0	0	0	0	0	0	0	0	0	0	0	0	0	0	0	0	0	0	0	0	0	0	0	0	0	0
OTU473	24	0	0	52	427	265	271	80	140	301	0	0	1	0	0	0	43	0	0	0	0	0	0	50	418	0	54	0	0	6	0	0	0	0	0	0	0	0	0	0	0	0	0	2
OTU497	14	0	0	0	0	29	23	4	7	0	0	0	0	0	0	0	0	0	0	0	0	0	0	0	0	0	0	0	0	0	0	0	0	0	0	0	0	0	0	0	0	0	0	0
OTU523	1	0	0	1	5	9	1	0	3	3	0	0	0	0	0	0	0	0	0	0	0	0	0	0	0	0	0	0	0	0	0	0	0	0	0	0	0	0	0	0	0	0	0	0
OTU531	1	1	5	3	5	6	5	1	2	15	0	0	0	0	0	0	0	0	0	0	0	0	0	0	0	0	0	0	0	0	0	0	0	0	0	0	0	0	0	0	0	0	0	0
OTU67	581	77	107	121	781	737	406	181	197	415	5	0	0	0	2	0	1	1	0	0	0	0	0	0	21	0	10	0	0	2	0	0	0	28	31	0	0	0	0	0	0	0	0	30
OTU86	14978	15154	12363	13276	19771	16684	12068	5447	6885	15445	178	9	8	227	527	168	1376	381	69	114	259	328	68	168	4598	2506	1010	143	2	70	71	155	93	1562	308	26	170	183	3	366	363	176	119	2742
OTU324	1017	1474	883	653	917	403	700	250	428	1237	1	0	0	0	73	49	205	0	0	0	0	0	140	60	1227	0	282	0	1	3	0	0	0	0	0	0	0	0	158	0	74	11	252	381
OTU361	520	196	78	271	1144	1028	620	257	107	483	0	0	1	0	0	0	77	0	0	0	0	0	0	98	0	1	85	0	0	1	0	0	218	0	0	102	0	0	0	0	0	0	37	100
OTU469	7	1	4	2	3	7	8	2	2	6	0	0	0	0	0	0	0	0	0	0	0	0	0	0	0	0	0	0	0	0	0	0	0	0	0	0	0	0	0	0	0	0	0	0
OTU309	505	22	75	0	181	506	307	96	106	298	0	0	0	0	0	0	1	0	0	0	0	0	0	0	0	0	0	0	0	3	0	0	0	0	0	0	0	1	0	0	0	0	0	0
OTU95	6937	838	1183	1089	6242	5657	4145	2291	2235	4766	1	4	2	1	2	0	145	35	0	2	1	0	1	3	1	1	1	2	3	34	0	2	0	798	72	3	0	3	1	0	1	1	2	850
OTU1119	0	49	0	133	0	23	38	0	75	43	0	0	0	0	0	0	96	0	0	0	0	0	0	0	0	0	0	0	0	0	0	0	0	0	0	0	0	0	0	0	0	0	0	0
OTU1201	0	0	0	0	0	0	0	40	18	0	0	0	0	0	0	0	0	0	0	0	0	0	0	0	0	0	0	0	0	0	0	0	0	0	0	0	0	0	0	0	0	0	0	0
OTU1206	0	139	117	28	20	0	0	7	0	0	0	0	0	0	0	0	0	0	0	0	0	0	0	0	0	0	0	0	0	0	0	0	0	0	0	0	0	0	0	0	0	0	0	0
OTU1383	0	0	0	51	15	60	13	0	3	0	0	0	0	0	0	0	0	0	0	0	0	0	0	0	0	0	0	0	0	0	0	0	0	0	0	0	0	0	0	0	0	0	0	0
OTU1384	0	79	56	2	16	12	0	0	11	0	0	0	0	0	0	0	0	0	0	0	0	0	0	0	0	0	0	0	0	0	0	0	0	0	0	0	0	0	0	0	0	0	0	0
OTU1630	0	0	0	34	4	0	0	0	0	0	0	0	0	0	0	0	0	0	0	0	0	0	0	0	0	0	0	0	0	0	0	0	0	0	0	0	0	0	0	0	0	0	0	0
OTU304	324	196	352	398	149	236	236	74	163	306	0	0	0	0	0	0	0	0	1	0	0	0	0	0	0	0	0	0	0	1	0	0	0	0	2	0	0	0	0	0	0	0	0	0
OTU312	560	992	0	0	0	23	0	159	0	0	0	0	0	0	0	0	0	0	0	0	0	0	0	0	0	0	0	0	0	0	0	0	0	0	0	0	0	0	0	0	0	0	0	0
OTU313	174	179	303	454	5519	1224	1453	1104	398	791	0	0	0	0	1	0	353	117	1	0	2	0	0	0	681	1107	517	0	0	10	0	0	0	1493	565	463	1	0	0	302	0	116	270	12
OTU355	201	0	0	53	198	145	57	86	58	193	0	0	0	0	0	0	0	0	0	0	0	0	0	0	0	0	0	0	0	1	0	0	0	0	0	0	0	0	0	0	0	0	0	0
OTU371	157	0	0	0	150	128	93	23	67	21	0	0	0	0	0	0	0	4	1	0	1	0	0	0	0	0	0	0	0	1	0	0	0	0	0	0	0	1	0	0	0	0	0	0
OTU378	38	1035	476	51	81	78	45	5	21	0	1	0	0	0	0	0	0	0	0	0	0	0	0	0	0	0	0	0	0	0	0	0	0	0	0	0	0	0	0	0	0	0	0	1
OTU384	16	53	23	0	0	0	0	19	67	427	0	0	0	0	0	0	0	0	0	0	0	0	0	0	0	0	8	0	0	0	0	0	0	0	0	0	0	1	0	0	0	0	0	187
OTU406	64	0	0	0	114	57	71	29	54	124	0	0	0	0	0	0	0	0	0	0	0	0	0	0	0	0	0	0	0	1	0	0	0	0	0	0	0	0	0	0	0	0	0	0
OTU408	45	596	301	547	168	252	173	18	12	0	0	0	0	0	0	0	23	0	0	0	0	0	27	0	0	538	0	0	0	2	0	0	0	0	0	0	0	0	0	0	0	0	0	53
OTU418	33	0	16	0	0	64	15	0	3	0	0	0	0	0	0	0	0	0	0	0	0	0	0	0	0	0	0	0	0	0	0	0	0	0	0	0	0	0	0	0	0	0	0	0
OTU422	16	0	0	607	57	6	0	0	0	0	0	0	0	0	0	0	0	0	0	0	0	0	0	0	0	0	0	0	0	0	0	0	0	0	0	0	0	0	0	0	0	0	110	0
OTU428	21	0	495	0	83	0	90	39	0	0	0	1	0	0	0	0	1	0	0	0	0	0	0	0	0	0	0	0	0	2	0	0	0	0	0	0	0	0	0	0	0	0	0	0
OTU450	5	43	111	65	0	0	0	4	0	0	0	0	0	0	0	0	0	0	0	0	0	0	0	0	0	0	0	0	0	0	0	0	0	0	0	0	0	0	0	0	0	0	0	0
OTU452	23	1	48	300	601	39	96	0	0	0	0	0	0	0	0	209	0	0	0	0	0	0	0	197	0	0	0	0	0	2	0	0	0	0	76	0	0	0	0	0	0	0	0	0
OTU489	10	0	0	0	8	0	31	0	0	32	0	0	0	0	0	0	0	0	0	0	0	0	0	0	0	0	0	0	0	0	0	0	0	0	0	0	0	0	0	0	0	0	0	0
OTU503	14	238	439	63	277	140	16	6	22	0	0	0	0	0	0	0	19	0	0	0	0	0	0	0	0	0	0	0	0	0	0	0	0	0	0	0	0	0	0	0	0	0	0	0
OTU631	0	12	109	0	0	0	14	0	0	0	0	0	0	0	0	0	0	0	0	0	0	0	0	0	0	0	0	0	0	0	0	0	0	0	0	0	0	0	0	0	0	0	0	0
OTU71	1308	1434	104	8614	16022	9403	22205	1400	2862	13277	0	0	3	2	0	5	6347	678	1	2	4	1	0	0	595	0	1	0	2	124	0	0	0	1	518	1	0	0	1	0	170	791	0	1685
OTU791	0	2262	1332	518	550	100	116	8	0	74	0	0	0	0	0	0	0	228	0	0	0	0	0	0	0	0	0	0	0	3	0	0	0	0	0	0	0	0	0	599	0	0	0	0
OTU860	0	384	178	173	355	48	88	7	19	0	0	0	0	0	0	0	0	0	1	1	0	0	116	0	0	0	0	0	1	0	0	0	0	3	159	0	0	0	0	0	0	0	0	0
OTU895	0	357	566	29	121	80	43	4	0	0	0	1	0	0	0	0	138	1	0	0	0	0	87	0	220	0	0	0	0	0	0	0	0	0	0	0	0	0	0	0	0	0	0	0
OTU227	1122	316	1350	621	2360	2829	1282	983	1143	2509	0	3	0	0	2	1	253	564	0	0	0	0	0	0	425	1	1298	0	0	4	0	0	2	0	265	1	0	1	0	0	0	0	0	355
OTU340	162	59	66	0	287	303	188	144	123	254	0	0	0	0	2	0	0	0	0	0	0	0	0	0	0	0	0	0	0	1	0	0	0	0	46	0	0	0	0	0	0	64	0	0
OTU780	0	0	0	0	0	12	17	0	0	0	0	0	0	0	0	0	0	0	0	0	0	0	0	0	0	0	0	0	0	0	0	0	0	0	0	0	0	0	0	0	0	0	0	0
OTU810	0	39	38	32	24	29	28	0	2	8	0	0	0	0	0	0	0	0	0	0	0	0	0	0	0	0	0	0	0	0	0	0	0	0	0	0	0	0	0	0	0	0	0	0
OTU89	176	0	0	0	492	629	860	65	91	197	0	0	0	0	0	0	136	0	1	0	0	0	0	0	0	0	0	0	0	2	0	0	0	0	0	86	0	1	0	0	0	0	0	0
OTU339	1085	0	4	0	0	23	1	5148	4424	19726	0	2	1	0	1	0	0	0	1	0	1	0	0	0	144	0	0	0	1	1	0	0	0	3274	0	78	1	0	1	0	2	0	1	2120
OTU564	0	15361	13702	1	55	4029	78	4	6	103	3	4	1	0	3	1	0	0	0	0	0	0	1	0	0	8194	0	2	0	2	0	2	0	0	1	0	0	0	0	0	1	0	66	1
OTU368	45	0	0	0	68	67	11	15	12	3	0	0	0	0	0	0	0	0	0	0	0	0	0	0	0	0	0	0	0	0	0	0	0	0	0	0	0	0	0	0	0	0	0	0
OTU389	183	4	0	0	200	215	170	54	47	214	0	0	0	0	0	0	0	0	0	0	0	0	0	0	0	0	0	0	0	0	0	0	0	0	0	0	0	0	0	0	0	0	0	3
OTU426	67	0	0	28	85	163	184	9	33	22	0	0	0	0	0	0	0	0	0	0	0	0	0	0	0	0	0	0	0	0	0	0	0	0	0	0	0	0	0	0	0	0	0	0
OTU130	7359	3999	2325	3950	17943	15069	14304	6013	5020	15542	1	2	657	1	4	48	1630	643	1	1	1	240	387	827	3841	4033	2134	0	1	74	191	0	0	8023	1963	72	119	0	0	345	452	95	1492	1901
OTU189	2	0	0	0	4	4	0	3	2	7	0	0	0	0	0	0	0	0	0	0	0	0	0	0	0	0	0	0	0	0	0	0	0	0	1	0	0	0	0	0	0	0	0	0
OTU256	5	246	420	32	458	143	215	8	134	310	2	0	2	2	0	0	4	1	1	1	2	0	1	0	0	0	0	0	0	0	0	0	0	0	5	2	0	1	1	0	1	0	3	82
OTU306	1274	0	0	22	0	0	0	13	0	0	0	0	0	0	0	0	0	0	0	0	0	0	0	0	0	0	0	0	0	0	0	0	0	0	0	0	0	1	0	0	0	0	0	0
OTU316	58	0	28	59	164	63	90	20	54	155	0	0	0	0	0	0	0	0	0	0	0	0	0	0	0	0	0	0	0	1	0	0	0	0	0	0	0	0	0	0	0	0	0	0
OTU369	89	0	0	13	132	127	44	77	61	87	0	0	0	0	0	0	0	0	0	0	0	0	0	0	0	0	0	0	0	1	0	0	0	0	0	0	0	0	0	0	0	0	0	0
OTU377	47	11	23	22	110	155	121	98	55	54	0	0	0	0	0	0	0	0	0	0	0	0	0	0	0	0	0	0	0	0	0	0	0	0	0	0	0	0	0	0	0	0	0	0
OTU432	46	0	0	0	208	223	123	27	67	492	0	0	0	0	0	0	0	0	0	0	0	0	0	0	0	0	0	0	0	0	0	0	0	0	0	0	0	0	0	0	0	0	0	85
OTU493	12	0	0	0	0	46	62	28	0	77	0	0	0	0	0	0	0	0	0	0	0	0	0	0	0	0	0	0	0	0	0	0	0	0	0	0	0	0	0	0	0	0	0	0
OTU79	9501	1999	5585	6105	26235	26889	21221	6806	8090	13167	0	1	4	105	3	8	2589	892	1	3	2	114	1	0	1	2	118	1	3	122	4	48	0	6847	511	525	0	1	213	1	162	9	519	1501
OTU2	149	935	477	1189	197	296	41	37	26	144	2186	1685	2141	836	1687	606	1308	1750	2538	1630	2707	2110	341	709	3876	7419	1145	1672	596	2166	899	559	1627	3732	2204	478	3785	4017	2951	2288	257	1162	2516	1580
OTU30	52	249	447	237	56	32	5	18	22	158	4288	2633	1087	48	129	115	60	132	1642	748	3165	4018	646	553	298	1104	330	1303	1310	781	1159	262	376	1398	327	1	1040	2149	530	1521	283	256	0	5495
OTU9	65	15	171	59	58	0	6	15	9	1	26	190	587	54	246	479	179	375	241	684	105	646	153	302	965	874	660	79	146	538	524	369	273	0	22	15	362	875	375	347	126	481	129	330
OTU52	13	1	4	85	0	2	0	0	0	4	3	1	186	93	172	37	92	123	0	0	68	0	262	23	0	1	2	0	38	139	933	39	0	1	113	0	240	813	87	30	0	1	179	36
OTU1	18	11	14	12	469	1068	821	22	44	22	23254	14350	45147	21435	27578	18210	2	17	17509	17416	25415	3781	10758	22772	1520	0	5	16898	12939	14350	9864	14283	13320	5	13	24	18503	21549	23557	17361	6471	12256	11	9
OTU37	0	0	0	0	68	92	33	0	0	0	568	480	1502	853	570	545	0	1	615	523	406	180	366	440	46	1	0	317	359	338	432	570	411	0	1	1	535	613	553	1693	512	581	0	1
OTU4	973	2081	1705	3414	980	1598	852	213	296	511	16013	9561	21993	19413	15241	14312	3599	2434	14362	11671	14372	9639	11154	25184	13618	13242	7292	11599	9500	11388	12847	15167	8834	22663	5731	5559	20589	20900	16968	24854	17608	18664	6457	3455
OTU5	3	1	4	2	255	531	128	4	5	6	5939	2562	8833	3613	4002	2866	1	0	4073	3360	3799	1269	1656	4454	0	1	0	2069	1905	2645	2387	6465	3365	0	3	8	2825	4356	2827	4367	2295	2061	1	1
OTU6	3	3	3	1	325	646	286	5	4	14	6293	4302	7296	7848	4757	3522	0	2	5213	3693	5510	3696	6946	7049	3	0	2	4020	4392	3572	5350	7069	2129	6	3	7	4209	7065	6785	11916	5561	2133	3	5
OTU233	0	0	23	0	44	19	0	0	4	0	106	0	271	0	1	0	4	0	228	0	160	81	438	5	0	117	225	0	119	70	0	0	1	296	0	0	14	0	362	0	142	98	87	0
OTU27	2	0	0	17	56	6	18	0	4	1	39	0	148	188	188	284	0	2	66	1	43	343	78	266	108	365	19	31	51	0	126	101	211	0	0	24	38	0	61	116	59	751	128	1
OTU36	62	130	386	326	155	405	53	7	17	44	60	676	2182	858	952	783	299	1155	1064	1780	2536	1098	888	1417	597	4834	324	1684	1142	306	732	364	1444	4598	393	339	2420	949	1293	1255	424	1794	183	200
OTU61	58	2	216	166	10	14	0	2	158	9	578	420	308	4	45	91	75	275	327	311	369	264	1	48	238	368	1035	20	992	2863	187	321	17	360	28	98	1333	81	234	987	0	37	23	1186
OTU12	0	31	1	0	1	5	4	15	6	1	36	191	0	1594	8	83	62	6	187	39	0	101	85	122	1	999	0	93	0	5	141	1	4	0	56	3	184	18	6	413	0	0	0	5
OTU3	310	256	372	390	169	261	177	90	290	348	456	512	873	3682	1307	1478	990	583	157	645	886	881	2293	3241	1851	1353	2096	723	1114	479	2580	2861	1235	2835	4137	1046	904	1280	382	3243	1819	2299	5925	10158
OTU101	189	330	305	190	181	214	249	101	81	147	0	0	0	0	0	0	0	0	0	0	0	0	0	0	0	0	0	0	0	4	0	0	0	0	0	0	0	0	0	0	0	28	0	0
OTU1218	0	0	0	48	19	0	19	8	12	0	0	0	0	0	0	0	0	0	0	0	0	0	0	0	0	0	0	0	0	0	0	0	0	0	0	0	0	0	0	0	0	0	0	0
OTU133	11453	13984	11790	13395	11153	13895	11559	3940	4187	9767	34	4	1	164	59	65	379	2	2	0	131	153	87	46	2399	3772	396	1	0	76	1	68	161	0	0	13	130	453	0	332	531	104	383	1741
OTU1379	0	0	0	0	0	0	21	0	6	0	0	0	0	0	0	0	0	0	0	0	0	0	0	0	0	0	0	0	0	1	0	0	0	0	0	0	0	0	0	0	0	0	0	0
OTU1389	0	65	0	0	0	0	0	0	3	0	0	0	0	0	0	0	0	0	0	0	0	0	0	0	0	0	0	0	0	0	0	0	0	0	0	0	0	0	0	0	0	0	0	0
OTU308	2131	1531	1924	2127	1860	2327	2102	678	632	2025	130	3	3	124	1	0	0	0	0	0	0	1	0	158	304	0	275	0	0	11	1	0	0	0	0	0	0	130	0	0	0	0	1	165
OTU379	103	0	0	0	0	5	0	17	0	76	0	0	0	0	0	0	0	0	0	0	0	0	0	0	0	0	0	0	0	0	0	0	0	0	0	0	0	0	0	0	0	0	0	0
OTU429	10	0	0	126	104	0	12	17	0	66	0	0	0	0	0	0	0	0	0	65	0	0	0	0	0	0	0	0	0	0	0	0	0	0	0	0	0	0	0	0	0	0	0	0
OTU45	376	0	137	158	656	245	369	81	143	397	0	0	0	0	0	0	0	3	0	1	1	0	0	78	0	0	174	0	0	3	0	0	1	0	0	0	0	0	0	1	0	0	0	0
OTU460	19	0	0	67	39	13	0	0	11	0	0	0	0	0	0	0	0	0	0	0	0	0	0	0	0	0	0	0	0	0	0	0	0	0	0	0	0	0	0	0	0	0	0	0
OTU485	1	0	0	3	0	1	3	2	0	0	0	0	0	0	0	0	0	0	0	0	0	0	0	0	0	0	0	0	0	0	0	0	0	0	0	0	0	0	0	0	0	0	0	0
OTU498	8	0	0	0	2	6	5	6	2	0	0	0	0	0	0	0	0	0	0	0	0	0	0	0	0	0	0	0	0	0	0	0	0	0	0	0	0	0	0	0	0	0	0	0
OTU501	11	0	0	0	60	0	0	27	0	0	0	0	0	0	0	0	0	0	0	0	0	0	0	0	0	0	0	0	0	0	0	0	0	0	0	0	0	0	0	0	0	0	0	0
OTU507	7	0	0	0	0	0	0	3	0	0	0	0	0	0	0	0	0	0	0	0	0	0	0	0	0	0	0	0	0	0	0	0	0	0	0	0	0	0	0	0	0	0	0	0
OTU527	9	0	0	0	0	6	12	1	38	23	0	0	0	0	0	0	0	0	0	0	0	0	0	0	0	0	0	0	0	1	0	0	0	0	0	0	0	0	0	0	0	0	0	0
OTU7	749	0	253	127	602	995	535	192	188	896	0	0	0	0	0	0	44	4	0	0	0	0	0	0	283	0	124	0	0	4	0	0	0	0	0	0	0	0	0	261	0	0	134	284
OTU84	303	413	347	116	691	592	528	71	108	217	0	0	0	0	17	32	55	0	0	101	0	160	73	166	247	148	44	0	0	3	81	0	5	20	54	6	0	0	0	110	149	22	109	0
OTU144	825	27	85	302	1	15	0	2	0	120	1104	540	389	1	2	2	78	7979	750	4747	6036	99	0	1	1	15270	130	501	834	1808	0	1	246	967	113	757	272	8017	331	0	857	0	2	275
OTU18	197	628	1466	261	162	108	29	23	49	440	716	767	2423	1924	194	343	3562	7974	2894	1638	687	1658	7582	874	3302	7315	768	751	2197	390	5756	2441	7862	19706	10916	4014	1178	22177	5543	528	574	1872	2628	658
OTU362	378	1901	1629	1910	860	692	641	199	355	756	0	0	3	1	0	0	279	303	0	0	0	0	0	0	0	1	0	0	0	3	0	0	0	1	0	1	0	0	0	0	0	0	0	71
OTU679	0	0	25	9298	5	0	16	1	0	0	0	0	6	149	0	0	0	0	0	0	0	0	0	0	0	0	0	0	12	0	0	0	0	0	0	3	0	0	198	0	128	0	0	0
OTU25	6	101	343	357	444	419	50	4	11	30	2834	829	251	185	258	229	50	117	615	702	327	1	157	1977	0	1475	0	1037	1796	782	1123	1416	323	3	621	240	590	1054	1079	898	1595	1011	1255	56
OTU14	223	492	623	844	726	397	351	18	44	149	1352	1745	3206	2306	1775	3071	666	1441	3036	1630	791	1882	1790	11819	5164	10747	2392	600	669	2135	4567	2585	3286	12499	11	10327	2722	3069	3463	9210	1401	27797	377	1434
OTU125	0	2	1	1	0	0	0	1	0	1	0	0	0	0	0	0	0	0	1	0	0	0	0	1	0	0	0	0	0	0	0	0	0	0	0	0	0	0	1	0	0	0	0	0
OTU232	34	708	359	327	270	28	10	47	27	298	10	1	0	0	0	0	233	0	0	0	0	0	0	0	0	0	0	70	0	2	0	0	0	0	0	1	0	0	0	0	0	0	0	97
OTU1380	0	0	58	0	0	45	0	0	3	28	0	0	0	0	0	0	0	0	0	0	0	0	0	0	0	0	0	0	0	0	0	0	0	0	0	0	0	0	0	0	0	0	0	0
OTU1385	0	0	0	17	0	0	6	0	3	0	0	0	0	0	0	0	0	0	0	0	0	0	0	0	0	0	0	0	1	0	0	0	0	0	0	0	0	0	0	0	0	0	0	0
OTU1391	0	1	102	0	0	0	7	0	1	21	0	0	0	0	0	0	0	0	0	0	0	0	0	0	0	0	0	0	0	0	0	0	0	0	0	0	0	0	0	0	0	0	0	0
OTU246	2896	2989	2822	2707	3002	3106	2701	1074	884	2738	0	27	1	151	0	2	134	0	0	0	134	101	0	0	576	1110	237	0	0	10	1	72	0	0	0	0	0	54	155	0	7	201	145	430
OTU300	1097	355	897	476	2557	1876	2380	315	268	728	0	0	0	0	0	1	165	0	0	0	0	19	716	445	0	0	0	0	1	16	0	0	0	0	124	149	0	0	0	675	0	128	33	204
OTU323	872	637	623	907	667	914	689	315	269	701	0	0	0	0	0	0	66	0	0	0	0	1	0	0	0	0	0	0	0	6	0	0	0	0	0	113	0	0	0	0	51	0	134	0
OTU325	14	0	40	0	0	51	0	0	0	5	0	0	0	0	0	0	0	0	0	0	0	0	0	0	0	0	0	0	0	0	0	0	0	0	0	0	0	0	0	0	0	0	0	0
OTU326	28	0	166	0	0	78	14	27	0	54	0	1	0	0	0	0	0	0	0	0	0	0	0	0	0	0	0	0	0	0	0	0	0	0	0	0	0	0	0	0	0	0	0	0
OTU336	451	20	97	0	394	929	768	122	286	616	82	0	0	0	0	0	14	0	0	0	0	0	155	97	0	1041	0	0	1	5	0	0	0	0	0	0	59	0	0	0	283	41	9	211
OTU341	39	42	72	54	38	68	62	24	6	96	0	0	0	0	0	0	0	0	0	0	0	0	0	0	0	0	0	0	0	1	0	12	0	0	0	0	0	0	0	0	0	0	2	0
OTU344	52	42	100	65	155	116	134	9	3	80	0	0	0	0	1	0	0	0	0	0	0	0	0	0	0	0	0	0	0	0	0	0	0	0	0	0	0	0	0	0	1	0	0	0
OTU354	52	35	114	310	22	38	0	21	37	34	0	0	0	0	0	42	0	0	0	0	0	0	0	0	0	0	0	0	0	0	0	3	0	0	0	0	0	0	0	0	0	0	0	0
OTU366	221	294	97	243	117	155	54	33	49	175	0	0	0	0	0	0	0	0	0	0	0	0	0	0	0	0	0	0	0	1	0	0	0	0	0	0	0	1	1	0	0	0	0	0
OTU373	32	11	11	14	13	34	17	11	10	12	0	0	0	0	0	0	0	0	0	0	0	0	0	0	0	0	0	0	0	0	0	0	0	0	0	0	0	0	0	0	0	0	0	13
OTU382	32	67	63	0	0	11	15	9	5	0	0	0	0	0	0	0	0	0	0	0	0	0	0	0	0	0	0	0	0	1	0	0	0	0	0	0	0	0	0	0	0	0	0	0
OTU388	304	161	231	284	271	307	254	84	95	289	0	1	1	6	0	9	46	0	0	1	7	3	0	0	0	0	0	0	0	2	0	0	0	0	0	0	0	20	0	0	38	0	0	2
OTU397	144	167	270	164	185	271	134	37	35	96	0	1	0	0	0	0	0	0	0	0	0	74	0	0	0	0	0	0	0	0	0	0	0	0	0	0	0	0	0	0	0	0	0	0
OTU403	47	0	25	29	20	67	41	15	3	0	0	0	0	0	0	0	0	0	0	0	0	0	0	0	0	0	0	0	0	0	0	0	0	0	0	0	0	0	0	0	0	0	0	0
OTU42	0	0	0	0	0	2	2	0	0	0	10	0	3	10	49	26	0	0	8	41	0	3	22	5	0	0	0	5	3	61	53	14	6	0	0	0	64	26	0	123	17	101	0	0
OTU454	30	10	43	14	31	36	22	0	14	78	0	0	0	0	0	0	0	0	0	0	0	0	0	0	376	0	0	0	0	1	0	0	0	0	0	0	0	0	0	0	0	0	0	0
OTU472	3	0	1	0	4	8	7	4	1	8	0	0	0	0	0	0	0	0	0	0	0	0	0	0	0	0	0	0	0	0	0	0	0	0	0	0	0	0	0	0	0	0	0	0
OTU518	6	0	0	0	33	0	37	3	0	0	0	0	0	0	0	0	0	0	0	0	0	0	0	0	0	0	0	0	0	0	0	0	0	0	0	0	0	0	0	0	0	0	0	0
OTU80	22625	24697	23894	27132	20239	17214	14574	12071	15646	31858	3	9	15	121	886	183	1511	934	538	580	592	602	1991	1577	11670	6042	3333	143	3	101	614	431	374	4844	911	3555	407	1197	655	1420	1590	995	3061	6312
OTU396	44	0	0	2	7	0	6	2	5	32	0	0	0	0	0	0	0	0	0	0	0	0	0	0	0	0	0	0	0	0	0	0	0	0	0	3	0	0	0	0	0	0	0	0
OTU1043	0	0	0	0	0	204	354	0	0	0	0	0	0	0	0	0	0	0	0	0	0	0	0	0	0	0	0	0	0	3	0	0	0	0	0	0	0	0	0	0	0	0	0	0
OTU1128	0	90	345	343	170	124	77	12	5	19	0	0	0	0	0	0	10	0	0	0	0	0	0	0	0	0	11	0	0	0	40	0	0	0	0	0	0	0	0	0	0	0	0	0
OTU1205	0	190	66	127	47	45	11	7	4	25	0	0	0	0	0	0	0	0	0	0	0	0	0	0	0	0	0	0	0	1	0	0	0	0	0	0	0	0	0	0	0	0	0	0
OTU1382	0	18	33	0	0	0	0	0	4	0	0	0	0	0	0	0	0	0	0	0	0	0	0	0	0	0	0	0	0	0	0	0	0	0	0	0	0	0	0	0	0	0	0	0
OTU1605	0	0	0	0	68	102	38	0	0	0	0	0	0	0	0	0	0	0	0	0	0	0	0	0	0	0	0	0	0	0	0	0	0	0	0	0	0	0	0	0	0	117	0	0
OTU1629	0	0	12	0	1	0	0	0	0	0	0	0	0	0	0	0	0	0	0	0	0	0	0	0	0	0	0	0	0	0	0	0	0	0	0	0	0	0	0	0	0	0	0	0
OTU172	2	280	519	193	917	594	236	0	29	60	0	0	0	0	1	0	0	0	1	0	0	0	0	0	0	0	0	0	0	1	0	0	0	0	1	0	0	0	0	0	0	0	0	0
OTU198	4232	5112	7013	8922	5091	4653	3475	1469	1564	2836	0	2	1	137	21	0	148	0	20	63	59	87	97	83	629	1390	139	0	0	21	0	74	13	68	115	30	52	19	39	151	1	43	84	557
OTU265	8100	329	3526	1023	3454	1950	2123	2331	3282	4577	0	3	1	1	0	0	796	0	163	0	1	85	101	158	242	76	222	0	0	15	0	0	256	1285	25	547	0	0	0	0	0	126	902	1047
OTU288	8	0	51	0	3	0	0	0	9	0	0	0	0	0	0	0	0	0	0	0	0	0	0	0	0	0	0	0	0	0	0	0	0	0	0	0	0	0	0	0	0	0	0	0
OTU307	752	53	304	130	610	224	149	82	46	241	0	0	0	0	0	0	0	0	1	0	0	0	0	0	0	0	1	1	0	0	0	0	0	0	0	234	0	0	212	0	0	0	0	58
OTU314	1533	1097	1952	2436	1941	1266	964	485	524	1114	0	0	2	27	0	3	20	0	0	0	0	14	8	2	77	21	2	0	0	7	1	0	0	59	19	5	15	1	0	4	94	0	60	185
OTU319	213	1	0	0	0	0	59	9	0	0	0	0	0	0	0	0	0	0	0	0	0	0	0	0	0	0	0	0	0	3	0	0	0	0	0	0	0	0	0	0	0	0	0	0
OTU320	1489	6	26	19	631	1203	734	301	448	881	0	0	0	0	1	1	0	0	0	0	0	0	0	0	2	0	0	0	0	7	0	0	0	80	0	0	0	0	0	0	0	0	0	98
OTU334	646	1149	1279	803	1682	1895	1361	245	344	885	0	0	2	0	1	0	50	83	0	0	0	0	0	0	785	0	192	0	0	10	0	95	22	0	0	0	0	0	0	317	197	8	0	207
OTU335	236	398	261	107	55	84	107	50	42	33	0	1	0	56	0	0	0	0	0	0	0	0	0	0	0	0	0	0	0	1	0	0	0	0	1	0	0	0	27	0	1	0	0	88
OTU345	126	0	0	327	0	0	0	0	0	0	0	0	0	0	0	0	0	0	0	0	0	0	0	0	0	0	0	0	0	0	0	0	0	0	0	0	0	0	0	0	0	0	0	0
OTU348	803	1241	1732	1168	2377	2013	1418	372	454	1221	0	0	0	0	0	0	84	41	2	0	0	0	0	0	923	0	154	1	0	8	0	2	1	524	0	0	0	1	0	1	1	274	106	197
OTU353	295	116	155	104	547	453	311	75	104	199	0	0	0	0	0	0	0	33	0	0	0	0	0	0	4	0	0	0	0	3	0	0	0	0	0	3	0	10	0	0	2	0	0	19
OTU359	38	171	488	242	173	62	49	26	24	107	0	0	0	149	0	0	0	0	0	0	0	0	0	0	0	0	0	0	0	1	0	0	0	0	0	0	225	0	0	0	0	0	0	153
OTU364	294	254	327	478	261	152	118	69	69	189	0	3	1	0	0	1	0	22	0	0	0	0	0	0	3	0	0	0	0	4	0	0	0	0	0	0	0	0	2	0	0	0	0	1
OTU365	255	94	204	221	110	154	177	154	34	0	0	0	0	0	0	39	0	0	50	34	0	0	0	0	424	0	0	0	0	0	0	0	0	0	0	0	0	0	0	0	1	0	0	0
OTU370	441	128	418	298	469	410	311	98	97	344	0	0	0	0	0	0	0	0	34	0	0	0	0	0	594	0	0	0	0	2	0	0	0	0	35	0	0	0	0	0	136	0	0	71
OTU372	39	29	0	103	24	33	15	4	33	39	0	0	0	0	0	0	0	0	0	0	0	0	0	0	0	0	0	0	0	0	0	0	0	0	0	0	0	0	0	0	0	0	0	0
OTU375	64	0	18	0	23	0	119	16	0	87	0	0	0	0	0	0	0	0	0	0	0	0	0	0	0	0	0	0	0	0	0	0	0	0	0	0	0	0	0	0	0	0	0	0
OTU381	68	0	14	112	113	84	32	2	0	98	0	0	0	0	0	0	0	0	0	0	0	0	0	0	0	0	0	0	0	0	0	0	0	0	0	0	0	0	0	0	0	0	0	0
OTU386	98	0	252	300	211	218	62	11	12	138	0	1	0	0	0	0	0	0	0	0	0	0	0	0	0	0	0	0	0	1	0	0	0	0	0	0	0	0	0	0	0	0	0	0
OTU411	26	0	0	0	0	0	0	1	30	155	0	0	0	0	0	0	0	0	0	0	0	0	0	0	0	0	0	0	0	0	0	0	0	0	0	0	0	0	0	0	0	0	0	1
OTU413	43	348	266	63	21	125	0	4	3	56	0	0	0	0	0	0	84	0	0	0	0	0	0	0	0	0	0	0	0	0	0	0	0	0	0	0	0	0	0	0	0	0	0	0
OTU414	79	0	0	0	85	30	24	31	0	4	0	0	0	0	0	0	0	0	0	0	0	0	0	0	0	0	0	0	0	2	0	0	0	0	0	0	0	0	0	0	0	0	0	0
OTU415	92	40	0	0	8	1	41	7	2	0	0	0	0	0	0	0	0	28	0	0	0	0	0	0	0	0	0	0	0	0	0	0	0	0	0	0	0	0	0	0	0	0	0	0
OTU439	13	412	0	85	228	54	0	42	95	159	0	0	0	0	0	0	0	0	0	1	0	0	0	0	0	0	0	0	0	0	0	0	0	0	0	0	0	0	0	0	0	0	0	0
OTU455	2	106	35	0	0	0	25	3	0	5	0	0	0	0	0	1	0	0	0	0	0	0	0	0	0	0	0	0	0	0	0	0	0	0	0	0	0	0	0	0	0	0	0	0
OTU471	16	0	0	0	38	6	4	3	1	0	0	0	0	0	0	0	0	0	0	0	0	0	0	0	0	0	0	0	0	0	0	0	0	0	0	0	0	0	0	0	0	0	0	13
OTU476	5	316	0	19	0	0	0	0	0	0	0	0	0	0	0	0	0	0	0	0	0	0	0	0	0	0	0	0	0	0	0	0	0	0	0	0	0	0	0	0	0	0	0	0
OTU495	9	0	0	0	0	6	0	15	0	0	0	0	0	0	0	0	0	0	0	0	0	0	0	0	0	0	0	1	0	0	0	0	0	0	0	0	0	0	0	0	2	0	0	0
OTU500	14	0	0	0	8	0	0	5	0	0	0	0	0	0	0	0	0	0	0	0	0	0	0	0	0	0	0	0	0	0	0	0	0	0	0	0	0	0	0	0	0	0	0	0
OTU508	17	0	0	0	0	0	0	298	0	0	0	0	0	0	0	0	0	0	0	0	0	0	0	0	0	0	0	0	0	0	0	0	0	0	0	0	0	0	0	0	0	0	0	0
OTU521	6	13	42	1	68	13	10	2	0	0	0	0	0	0	0	0	0	0	0	0	0	0	0	0	0	0	0	0	0	1	0	0	0	0	0	0	0	0	0	0	0	0	0	0
OTU68	2419	11910	17698	21193	11611	11009	6967	2978	3522	7666	3	5	13	646	218	93	967	935	2	0	2	127	229	1	1175	1901	544	0	1	44	132	146	95	10316	490	495	0	0	198	758	85	480	84	1637
OTU92	0	0	0	0	2	2	1	0	0	0	3	9	8	0	2	5	0	0	13	3	5	0	1	3	0	0	0	6	3	8	4	5	5	0	0	0	1	14	2	0	6	1	0	0
OTU96	34472	27448	26131	35466	28110	29844	25901	13076	16480	32975	268	14	17	688	884	679	1233	1132	1309	1968	3499	1580	2736	4862	7239	5819	6396	161	450	356	818	1230	118	4570	709	3422	4751	3558	3511	4659	4893	3555	3582	5965
OTU965	0	117	0	40	0	70	35	0	0	0	0	0	0	0	0	0	0	0	0	0	0	0	0	0	0	0	0	0	0	0	0	0	0	0	0	0	0	0	0	0	0	0	0	0
OTU974	0	0	0	0	0	0	0	5	2	36	0	0	0	0	0	0	0	0	0	0	0	0	0	0	0	0	0	0	0	0	0	0	0	0	0	0	0	0	0	0	0	0	0	0
OTU99	1	0	0	2	1	0	3	0	0	0	1	10	1	2	5	2	3	4	7	6	1	0	6	5	10	1	0	0	1	0	3	4	0	0	1	2	6	7	0	3	3	3	1	3
