	XWF0M0R1	XWF4M1R1	XWF4M3R1	XWF4M3R2	XWF4M3R3	XWF4M6R1	XWF4M6R2	XWF4M6R3	XWF1M1R1	XWF1M3R1	XWF1M3R2	XWF1M3R3	XWF1M6R1	XWF1M6R2	XWF1M6R3	XWF2M1R1	XWF2M3R1	XWF2M6R1	XWF2M6R2	XWF2M6R3	XWF5M1R1	XWF5M3R1	XWF5M3R2	XWF5M3R3	XWF5M6R1	XWF5M6R2	XWF5M6R3	XWF6M1R1	XWF6M3R1	XWF6M3R2	XWF6M3R3	XWF6M6R1	XWF6M6R2	XWF6M6R3
OTU1160	0	0	0	0	0	92	76	0	0	0	0	0	0	0	0	0	0	0	0	0	0	0	0	0	0	0	0	0	0	0	0	0	0	0
OTU2344	0	0	0	0	0	41	14	0	0	0	0	0	0	0	0	0	0	0	0	0	0	0	0	0	0	0	0	0	0	0	0	0	0	0
OTU2360	0	0	0	0	0	0	6	27	0	0	0	0	0	0	0	0	0	0	0	0	0	0	0	0	0	0	0	0	0	0	0	0	0	0
OTU502	0	42	0	0	0	60	0	0	0	0	0	0	0	0	0	0	0	0	0	0	0	0	0	0	0	0	0	0	0	0	0	0	0	0
OTU514	0	20	9	55	43	119	4	51	0	1	0	0	0	0	0	0	0	0	0	0	0	0	0	0	0	0	0	1	0	0	0	0	0	0
OTU618	0	29	137	97	0	82	8	49	0	0	0	0	0	0	0	0	0	34	0	195	0	0	0	0	0	0	0	30	0	0	0	0	0	0
OTU673	0	0	0	0	0	125	133	717	0	0	0	0	0	0	2	0	0	0	0	93	0	0	0	0	0	0	0	0	0	0	0	0	0	0
OTU819	114	254	131	70	25	40	28	0	0	0	0	0	0	0	0	0	0	0	0	0	0	0	0	0	0	0	0	0	0	0	0	0	0	0
OTU837	0	17	73	0	81	215	55	83	0	0	0	0	0	0	0	0	0	0	0	0	0	0	0	0	0	0	328	0	0	0	0	0	0	0
OTU2337	0	0	0	0	0	84	0	14	0	0	0	0	0	0	0	0	0	0	0	0	0	0	0	0	0	0	0	0	0	0	0	0	0	0
OTU239	0	0	0	0	5	20	22	26	0	0	0	0	1	0	0	0	0	0	1	0	0	0	0	0	0	0	0	1	0	0	1	0	3	0
OTU244	0	0	0	0	0	5	3	15	0	0	0	0	0	0	0	0	0	0	0	0	0	0	0	0	0	1	0	0	0	0	0	0	0	0
OTU269	0	131	56	179	270	132	22	49	0	0	1	0	0	0	1	1	0	0	0	0	0	0	0	0	0	0	0	534	0	0	0	26	128	0
OTU315	4	3	3	1	4	4	0	4	0	0	1	0	0	0	0	0	0	6	0	0	0	0	0	4	0	0	0	0	0	0	0	0	2	0
OTU417	29	10	13	5	9	35	15	120	0	0	0	0	0	0	0	0	0	0	0	0	0	0	0	0	0	0	0	7	0	0	0	0	0	0
OTU482	0	0	0	0	0	19	155	9	0	0	0	0	0	3	0	0	0	0	0	0	0	0	0	0	0	0	0	0	0	0	0	0	0	0
OTU562	39	621	284	438	412	224	176	191	0	0	1	0	0	1	0	0	0	0	0	0	0	0	0	0	224	0	0	981	0	0	0	0	0	97
OTU572	149	818	288	13	62	12337	15447	3407	0	1	3	2	21	371	6	16	5	345	71	155	1	2	132	2	0	0	1	3572	48	1	102	220	1	178
OTU984	40	0	0	0	0	57	0	1	0	0	0	0	0	0	0	0	0	0	0	0	0	0	0	0	0	0	0	0	0	0	0	0	0	0
OTU47	94538	7163	7865	5709	6577	6776	3355	10282	833	1176	83	9	69	288	42	752	22	1878	1086	583	23	24	6	481	24	3	151	7778	365	621	375	253	2557	198
OTU1306	0	0	0	0	0	124	153	99	0	0	0	0	1	0	0	0	0	0	0	0	0	0	0	0	0	0	0	0	0	0	0	0	0	0
OTU139	1784	3309	4461	3686	4419	6992	4576	8369	0	6	2	3	93	97	141	1	1	38	0	277	2	0	2	0	0	0	0	6431	0	1	163	0	0	1
OTU1544	0	0	0	0	51	10	56	70	0	0	0	0	0	0	0	0	0	0	0	0	0	0	0	0	0	0	0	0	0	0	0	0	0	0
OTU209	0	0	0	0	0	2	0	28	0	0	0	0	0	0	0	0	0	0	0	0	0	0	0	0	0	0	0	0	0	0	0	0	0	0
OTU2131	0	0	0	0	0	244	0	131	0	0	0	0	0	0	0	0	0	0	0	0	0	0	0	0	0	0	0	0	0	0	0	0	0	0
OTU247	691	29	981	767	555	88	48	99	1	0	0	0	1	0	0	0	1	0	40	0	2	0	0	0	2	1	1	615	0	0	3	1	0	0
OTU275	8010	16261	36083	36192	31227	12812	5916	11794	2	82	4	36	123	17	198	153	4	295	229	200	357	5	0	0	0	0	2	38217	95	1	264	689	708	36
OTU278	1	43	66	1	82	12732	8168	15899	0	0	2	0	8	25	25	0	3	289	2	235	0	0	0	0	0	0	0	3	0	0	2	268	0	2
OTU289	257	0	75	0	29	0	0	0	0	0	0	0	0	0	0	0	0	0	0	0	0	0	0	0	0	0	0	1	0	0	0	0	0	0
OTU299	210	1715	2705	965	1424	7444	4151	7858	0	5	0	1	5	145	12	0	2	0	0	0	0	1	0	0	1	0	1	3738	1	2	1	1	0	0
OTU301	365	794	719	1206	537	1329	201	787	0	2	0	0	2	1	0	0	1	0	0	0	24	0	0	0	0	0	1	1878	0	0	93	0	0	36
OTU327	0	0	2	0	0	1	0	1	0	0	0	0	0	0	0	0	0	0	0	0	0	0	0	0	0	0	0	0	0	0	0	0	0	0
OTU329	36	23	104	56	38	104	52	229	0	0	0	318	1	0	0	0	0	0	0	0	0	0	0	0	0	0	0	44	0	0	0	0	0	0
OTU338	0	0	9	3	4	13	5	15	0	0	1	0	0	0	0	0	0	0	0	0	0	0	0	0	0	0	0	0	0	0	0	0	0	0
OTU347	1054	2870	6524	4248	5314	3034	2087	2994	0	15	0	1	2	4	4	0	1	0	0	270	0	0	0	1	0	0	0	4254	0	0	0	0	0	1
OTU351	66	330	65	257	117	78	80	11	0	0	0	0	0	3	1	0	1	0	0	0	0	0	0	1	0	0	0	209	0	0	1	0	0	0
OTU357	1	0	1	10	2	0	0	0	0	0	0	0	0	0	0	0	0	0	0	0	0	0	0	0	0	0	0	0	0	0	0	0	0	0
OTU363	395	364	569	976	754	207	106	136	0	3	0	0	1	0	0	0	0	0	0	0	0	0	0	1	1	0	0	424	0	0	0	0	0	0
OTU367	67	0	0	0	0	17	38	11	0	0	0	0	0	0	0	0	0	0	0	0	1	0	0	0	0	0	0	0	0	0	0	0	0	0
OTU404	0	0	0	0	0	44	0	51	0	0	0	0	0	0	0	0	0	0	0	0	0	0	0	0	0	0	0	0	0	0	0	0	0	0
OTU410	3	6	0	4	2	3	1	0	0	0	0	0	0	0	0	0	0	0	0	0	0	0	0	0	0	0	0	3	0	0	0	0	0	0
OTU419	33	48	37	41	199	0	72	124	0	1	1	0	0	1	0	0	0	0	0	1	1	0	0	0	0	0	0	2	0	0	0	0	2	0
OTU427	2577	6	287	26	74	0	1	1	0	0	0	0	2	0	0	0	0	1	0	0	0	0	0	0	0	224	0	0	0	2	0	1	0	0
OTU475	734	0	1	12	0	3	31	36	0	0	0	0	1	0	0	0	1	0	0	0	0	0	1	0	0	0	0	74	0	1	0	2	0	0
OTU620	0	92	427	179	121	2826	2150	2732	0	0	1	0	5	8	5	0	1	1	0	0	0	0	0	0	0	0	0	1	0	0	0	284	0	0
OTU687	1437	1041	2131	2429	1330	1242	370	751	0	2	0	1	1	0	1	0	0	0	0	0	1	0	0	1	1	0	0	1771	0	0	0	0	0	0
OTU74	99	1032	4907	4658	10145	35310	26778	44861	0	29	6	841	30	75	77	1	2	1	559	2	2	3	0	0	0	0	4	2217	0	1	2	472	1	735
OTU752	123	252	95	230	201	0	0	301	0	0	0	0	0	0	0	0	0	0	0	0	0	0	0	0	0	0	0	561	0	0	0	0	0	9
OTU754	0	37	48	0	0	0	0	11	0	0	0	0	0	0	0	0	0	0	0	0	0	0	0	0	0	0	0	92	0	0	0	0	0	0
OTU766	0	28	176	3	3	2065	1195	2322	0	0	0	0	2	0	7	0	0	0	0	0	0	0	0	0	0	0	0	126	0	0	0	0	0	0
OTU768	49	0	170	47	0	499	343	510	0	0	0	2	1	1	1	0	0	0	0	0	0	0	0	0	0	0	0	302	0	0	0	0	0	0
OTU792	0	0	231	0	0	0	7	122	0	0	0	0	0	0	0	0	0	0	0	0	0	0	0	0	0	0	0	87	0	0	0	0	0	0
OTU795	2	0	5	2	2	5	1	18	0	0	0	0	0	0	0	0	0	0	0	0	0	0	0	0	0	0	0	9	0	0	0	0	0	0
OTU807	0	0	0	0	0	51	25	90	0	0	0	0	0	0	1	0	0	0	0	0	0	0	0	0	0	0	0	14	0	0	0	0	0	0
OTU828	0	46	119	41	0	0	0	0	0	0	0	0	0	0	0	0	0	0	0	0	0	0	0	0	0	0	0	0	0	0	0	0	0	0
OTU832	244	320	413	218	293	43	43	68	0	0	0	0	0	1	0	0	0	0	0	0	0	0	0	0	0	0	0	0	0	1	0	0	0	0
OTU833	0	119	0	0	62	0	105	110	0	0	0	0	0	0	1	0	0	0	0	0	0	0	0	0	0	0	0	0	0	0	0	0	0	0
OTU838	38	16	0	1	184	387	61	250	0	1	0	0	0	0	1	0	0	0	0	0	0	0	0	0	0	0	0	0	0	0	0	1	0	0
OTU846	1	1	1	0	0	0	1	2	0	0	0	0	0	0	0	0	0	0	0	0	0	0	0	0	0	0	0	0	0	0	0	0	0	0
OTU855	0	2	3	3	7	4	5	11	0	0	0	0	0	0	0	0	0	0	0	0	0	0	0	0	0	0	0	0	0	0	0	0	0	0
OTU991	114	0	0	0	24	0	1	6	0	0	0	0	0	0	0	0	0	0	0	0	0	0	0	0	0	0	0	0	0	0	0	0	0	15
OTU1538	0	0	0	50	0	0	0	7	0	0	0	0	0	0	0	0	0	0	0	0	0	0	0	0	0	0	0	0	0	0	0	0	0	0
OTU395	187	157	0	0	0	233	158	179	0	1	0	0	0	1	0	0	0	0	0	0	0	0	0	1	0	0	0	0	0	0	0	0	0	0
OTU803	1358	449	103	110	295	366	278	599	0	1	0	0	0	1	1	0	0	0	0	0	0	1	0	0	0	0	1	234	0	0	0	429	0	67
OTU511	1112	2035	1455	1708	1213	347	156	590	0	3	0	0	0	1	1	0	0	0	0	0	0	0	0	0	0	0	0	2039	0	0	0	0	0	0
OTU762	70	0	0	48	28	19	31	29	0	0	0	0	0	0	0	0	0	0	0	0	0	0	0	0	0	0	0	141	0	0	0	0	0	0
OTU767	3	63	84	0	25	0	0	50	0	0	0	0	0	0	0	0	0	0	0	0	0	0	0	0	0	0	0	145	0	0	0	0	0	0
OTU137	300	56	85	264	230	41	10	0	0	1	0	0	0	0	0	1	79	0	0	0	0	0	1	1	0	0	0	52	0	0	0	0	0	0
OTU1531	37	0	0	70	0	0	18	16	0	0	0	0	0	0	0	0	0	0	0	0	0	0	0	0	0	0	0	0	0	0	0	0	0	0
OTU322	91	1	10	125	0	0	0	0	0	0	0	0	0	0	0	0	0	0	0	0	0	0	0	0	0	0	0	41	0	0	0	0	0	0
OTU337	70	18	26	14	99	102	17	33	0	0	0	0	0	0	0	0	0	0	0	0	0	0	0	0	0	0	9	163	0	0	0	0	0	0
OTU425	0	0	18	20	30	0	0	0	0	0	0	0	0	0	0	0	0	0	0	0	0	0	0	0	0	0	0	0	0	0	0	0	0	0
OTU434	214	34	125	183	147	41	13	0	0	1	0	0	0	0	0	0	0	0	0	0	0	0	0	0	0	0	0	64	0	0	0	0	0	0
OTU465	25	49	2	26	2	0	1	0	0	0	0	0	0	0	0	0	0	0	0	0	0	0	0	0	0	0	0	0	0	0	0	0	0	0
OTU67	264	101	193	281	227	27	10	22	0	2	0	0	1	0	0	0	0	0	0	0	0	0	0	0	0	0	2	69	1	0	0	0	0	0
OTU670	520	130	148	75	65	53	0	19	0	0	0	0	0	0	0	0	0	0	0	112	0	0	0	0	0	0	0	190	0	0	0	0	0	24
OTU86	64043	13718	18966	19930	12631	3504	1119	1408	377	37	7	1	34	1	1	179	1	190	2	4	6	2	3	37	1	1	8	30770	38	5	3	179	0	1
OTU740	588	990	645	840	520	134	126	392	0	2	0	0	0	0	1	0	60	0	0	0	0	0	0	0	0	0	303	945	0	0	1	0	0	151
OTU248	110	41	77	130	127	0	13	10	0	0	0	0	0	0	0	0	0	0	0	0	0	0	0	0	0	0	0	62	0	0	0	0	0	0
OTU277	1221	621	480	639	633	136	72	266	0	0	0	0	0	2	0	0	0	0	0	0	1	0	0	0	0	0	0	830	0	0	0	0	0	0
OTU361	0	0	66	26	2	204	109	7	0	2	0	0	2	1	0	0	0	0	0	0	0	0	0	0	0	0	0	0	1	0	0	0	0	0
OTU534	5065	4386	4313	6914	6132	1222	448	1593	1	13	0	1	0	1	3	0	2	1	0	62	75	0	0	1	0	0	1	3627	0	0	0	0	0	0
OTU309	52	256	247	201	677	819	129	773	0	1	0	0	0	2	1	0	0	0	0	0	0	1	0	0	0	0	0	617	0	0	0	0	0	0
OTU510	1	43	29	231	0	5	0	0	0	0	0	0	0	0	0	0	0	0	0	0	0	0	0	0	0	0	0	1	0	0	0	0	0	0
OTU547	84	0	0	43	42	0	0	0	0	0	0	0	0	0	0	0	0	0	0	0	0	0	0	0	0	0	0	0	0	0	0	0	0	0
OTU571	312	230	245	548	390	32	55	56	0	1	0	0	0	0	0	1	0	0	0	0	0	0	0	0	0	0	0	314	0	92	0	0	0	0
OTU95	8999	25309	27582	33034	28339	7639	3774	6908	0	91	2	1	92	11	14	2	6	327	134	46	402	3	0	1	1	2	6	51240	1	0	9	246	0	49
OTU10	0	316	97	0	0	354	362	890	0	0	0	398	0	2	9	101	39	0	0	1	0	0	0	0	0	0	0	1582	0	0	0	0	0	0
OTU158	0	1065	0	701	25	635	172	248	0	0	0	0	1	0	0	0	0	0	0	0	0	0	0	0	0	45	0	773	0	0	1	0	0	0
OTU1718	0	0	0	0	0	135	15	41	0	0	0	0	0	0	0	0	0	0	0	0	0	0	0	0	0	0	0	0	0	0	0	0	0	0
OTU178	34	62	0	49	0	34	26	0	0	0	0	0	0	0	0	0	0	1	0	0	0	0	0	0	0	0	0	0	0	0	0	0	0	1
OTU228	489	858	152	704	584	138	77	189	0	1	1	0	0	1	0	0	0	1	1	0	0	1	0	0	0	0	0	1525	0	0	0	0	0	0
OTU282	1308	44	0	0	253	0	0	25	0	1	1	5	0	125	0	0	0	0	0	0	1	0	0	0	0	0	1	0	0	0	0	0	0	1
OTU304	49	318	186	385	484	100	134	497	0	3	0	0	0	0	3	0	0	0	0	0	1	0	0	1	0	0	0	399	0	0	0	0	0	0
OTU371	504	160	499	241	280	1012	841	1367	0	3	0	0	0	2	4	0	1	0	0	0	0	0	0	0	0	0	0	3	0	0	0	0	0	0
OTU452	0	0	23	0	0	0	0	122	0	0	0	0	0	0	1	0	0	0	0	0	0	0	0	0	0	0	0	2	0	0	0	0	0	0
OTU490	478	352	50	0	0	432	288	725	0	0	0	0	2	2	1	0	0	0	0	1	0	0	0	0	0	0	0	1786	0	0	0	0	0	0
OTU517	2	308	0	0	47	1	557	26	0	0	0	1	0	0	0	0	0	0	0	0	5	0	0	0	0	0	57	1140	0	91	0	0	0	0
OTU546	47	1528	1779	980	1012	1645	644	1796	1	2	0	0	1	3	1	0	0	0	0	0	56	0	0	0	0	0	1	1572	0	0	1	220	0	0
OTU70	9	0	0	0	0	0	0	142	0	0	0	0	0	0	0	0	0	0	0	0	0	0	0	0	0	0	0	0	0	0	0	0	0	0
OTU739	0	139	0	0	0	91	0	139	0	0	0	0	0	0	0	0	0	0	0	0	0	0	0	0	0	0	0	263	0	0	0	0	0	0
OTU741	361	168	13	0	0	0	102	67	0	0	0	0	0	0	0	0	0	0	0	0	0	0	0	0	0	0	0	541	0	0	0	0	0	0
OTU747	0	106	0	72	15	0	0	0	0	0	0	0	0	0	0	0	0	0	0	0	0	0	0	0	0	0	0	172	0	0	0	0	0	0
OTU751	122	218	0	0	0	852	296	1515	0	0	0	0	0	1	4	0	0	0	0	0	0	0	0	0	0	0	0	303	0	0	0	0	0	0
OTU758	107	145	53	169	39	0	8	18	0	0	0	0	0	0	0	0	0	0	0	0	0	0	0	0	0	0	0	429	0	0	1	0	0	0
OTU761	61	205	1	0	0	0	0	52	1	0	0	0	0	0	0	0	0	0	0	0	0	0	0	0	0	0	0	194	0	0	0	0	0	0
OTU830	0	79	204	152	0	520	249	529	0	0	0	0	0	0	6	0	0	0	0	0	0	0	0	0	0	0	0	0	0	0	0	0	0	0
OTU227	1728	1486	832	647	739	6614	2897	10349	0	2	1	0	190	10	17	0	1	107	123	0	171	0	0	0	0	0	2	1523	0	1	2	0	298	28
OTU340	0	30	44	9	0	220	56	272	0	0	0	0	0	0	0	1	0	0	0	0	1	0	0	0	0	0	0	364	0	0	0	0	0	0
OTU587	148	173	317	0	13	960	331	913	0	0	0	0	0	1	2	0	0	275	0	359	0	1	0	1	0	0	0	1215	0	0	0	0	559	77
OTU588	1003	3786	1555	438	2142	3344	824	3470	0	6	0	1	9	5	7	0	0	1	0	0	1	0	0	0	1	0	0	8252	0	0	0	0	0	0
OTU750	209	153	0	0	103	276	212	232	0	0	0	0	1	0	0	0	0	0	0	0	0	0	0	0	0	0	0	270	0	0	0	0	0	0
OTU759	44	72	18	0	137	36	55	239	0	0	0	0	0	0	1	0	0	0	0	0	0	0	0	0	0	0	0	82	0	0	0	0	0	0
OTU780	0	0	0	0	0	878	336	482	0	0	0	0	2	0	0	0	0	0	0	0	0	0	0	0	0	0	0	194	0	0	0	0	0	0
OTU89	11	132	0	120	71	542	93	998	0	0	0	0	1	0	4	0	0	0	0	0	0	0	0	0	0	0	0	0	0	0	1	0	356	1
OTU537	42	235	0	0	95	36	23	23	0	0	0	0	0	2	0	0	1	0	0	0	0	0	0	0	0	0	0	346	0	0	0	0	0	0
OTU548	4003	9181	12907	15393	16904	4190	2537	5993	0	792	1	1	4	13	21	292	1	124	757	175	3	4	0	1	91	0	4	5529	67	20	181	244	932	176
OTU1025	0	0	0	0	0	189	310	463	0	0	0	0	0	1	0	0	0	0	0	0	0	0	0	0	0	0	0	0	0	14	0	0	0	0
OTU426	0	27	6	0	0	98	100	238	0	0	0	0	2	0	0	0	0	0	0	0	0	0	0	0	0	0	0	0	0	0	0	0	0	0
OTU189	77	903	156	58	281	582	456	606	0	3	0	1	0	1	0	0	0	0	1	0	0	0	0	0	0	0	0	2012	0	0	0	0	0	0
OTU2368	0	0	0	0	0	0	7	10	0	0	0	0	0	0	0	0	0	0	0	0	0	0	0	0	0	0	0	0	0	0	0	0	0	0
OTU256	152	1016	3	2	3	7538	14066	20557	0	0	1	4	8	44	34	2	4	52	0	101	1	0	0	3	0	1	0	1643	0	0	1	0	0	0
OTU432	0	0	0	2	0	375	293	85	0	0	0	0	1	1	1	0	0	0	0	0	0	0	0	0	0	0	0	0	0	0	0	0	0	0
OTU575	54	34	0	0	0	54	97	70	0	0	0	0	0	2	0	0	0	0	0	0	0	0	0	0	0	0	1	33	0	0	0	0	0	0
OTU742	0	494	0	1	0	0	72	367	0	0	0	0	0	0	2	0	1	0	0	0	0	0	0	0	0	0	0	644	0	0	0	0	0	0
OTU764	0	83	0	0	0	0	84	71	0	0	0	0	0	0	0	0	0	0	0	0	0	0	0	0	0	0	0	70	0	0	0	0	0	0
OTU793	5	138	445	83	0	0	52	0	0	0	0	0	0	0	0	0	0	0	0	0	0	0	0	0	0	0	1	25	0	0	0	0	0	0
OTU853	0	10	0	0	0	0	9	0	0	0	0	0	0	0	0	0	0	0	0	0	0	0	0	0	0	0	0	0	0	0	0	0	0	0
OTU566	176	76	0	9	24	33	14	25	0	0	0	0	0	0	0	0	0	140	0	0	0	2	0	0	0	0	0	389	0	0	0	0	0	0
OTU2	1412	348	519	302	137	165	112	411	6058	3623	1463	5918	1515	5463	7154	8035	766	1672	824	575	1952	1240	601	2313	1539	4382	630	2329	512	340	1183	1497	388	143
OTU21	242	0	1	16	23	6	19	46	1	785	0	0	1	501	503	737	1	108	0	0	4	237	0	967	8	959	0	359	113	170	1574	0	296	2
OTU30	175	221	3	20	17	10	18	47	1194	2	190	2618	293	3368	10501	5853	189	2150	102	6589	808	409	158	2282	533	658	1429	678	24	71	6854	147	1033	85
OTU94	1	2	0	3	85	0	20	0	642	475	573	563	118	85	74	3	17	211	2	0	0	53	31	1043	0	826	0	109	55	3	3	0	1658	0
OTU1	2808	2072	1232	1876	1696	768	587	671	28091	25112	35760	29523	4383	6521	5388	28156	24199	11861	8890	10992	15600	13135	17937	25313	11478	8156	10692	6837	15958	19124	31800	10338	6447	6459
OTU37	80	38	82	39	20	45	25	31	1546	986	786	1735	49	249	276	1997	311	276	322	143	500	230	150	710	298	600	267	287	313	350	509	166	198	144
OTU4	2342	1754	1959	1724	2069	1615	939	1369	30767	20963	26811	41212	5419	7156	12337	16139	11456	10667	9695	10798	10611	6881	15591	29372	16517	11565	8259	7262	12808	20152	21074	12953	13373	2924
OTU5	473	404	399	315	289	261	73	125	5431	3893	5870	4397	635	1348	803	6148	2947	1127	1606	1538	1475	2021	2298	3746	2251	3809	2462	1378	2485	4294	4975	1783	2767	760
OTU6	1421	711	362	142	704	499	219	334	8817	8397	8695	19254	1032	2918	4138	9751	3925	1822	1992	5185	2450	1937	1688	8887	4489	5640	4820	3262	3140	3136	8073	5372	3948	1338
OTU27	175	0	27	0	9	62	15	33	265	354	145	137	59	530	105	201	2	197	314	166	3	210	76	0	150	159	168	93	2	28	189	50	240	92
OTU36	635	120	129	142	32	205	82	121	2634	734	1652	1379	513	2555	283	5696	383	806	1345	1865	2949	818	438	563	585	2438	510	1041	245	535	2329	1228	559	379
OTU3	1560	44	388	485	353	471	175	381	1791	5200	4761	4537	1647	4200	3088	1111	926	1828	9089	2848	745	4231	1449	3988	3118	4653	3107	420	1061	1672	1799	1321	3524	701
OTU1990	0	0	0	0	0	140	17	379	0	0	0	0	0	0	2	0	0	0	0	0	0	0	0	0	0	0	0	0	0	0	0	0	0	0
OTU2365	0	0	0	0	0	0	84	8	0	0	0	0	0	0	0	0	0	0	0	0	0	0	0	0	0	0	0	0	0	0	0	0	0	0
OTU654	0	34	25	0	0	76	326	0	0	0	0	0	0	10	0	0	0	0	0	218	0	0	0	1	0	0	0	75	0	0	0	0	0	0
OTU835	0	15	0	0	0	0	15	42	0	0	0	0	0	1	0	0	0	0	0	0	0	0	0	0	0	0	0	0	0	0	0	0	0	0
OTU84	82	2	35	0	28	1	44	81	1	1	0	0	0	0	0	0	0	1	0	0	0	0	0	0	0	0	0	0	0	0	0	0	0	0
OTU144	135	71	36	1	63	10	1	0	1323	1	2	2067	154	0	1	966	202	120	260	107	4190	245	0	1	1	7813	2670	3087	1	41	275	3	3	0
OTU18	3808	17	1308	302	9626	43	28	73	3381	9918	3266	1467	987	3982	903	5531	3454	1043	4108	1100	8962	667	167	7513	4738	1104	966	2025	4364	172	832	482	2366	305
OTU2366	0	0	0	0	0	0	2	27	0	0	0	0	0	0	0	0	0	0	0	0	0	0	0	0	0	0	0	0	0	0	0	0	0	0
OTU362	0	0	35	0	34	109	0	0	0	0	1	0	0	0	0	0	0	0	0	0	0	0	0	1	0	0	0	0	0	0	0	0	0	0
OTU447	4	0	3	1	18	1	1	1	0	1	1	0	0	0	0	4	0	0	2	0	1	0	0	0	0	0	0	3	0	0	0	0	0	0
OTU25	111	590	1	1	52	2	20	39	166	1426	409	1	807	0	16	556	157	414	12442	0	115	3	801	669	392	293	919	287	210	2	1	556	920	2131
OTU238	0	0	48	0	0	0	0	1	0	0	0	0	0	0	0	0	0	0	0	0	0	0	0	0	0	0	0	0	0	0	0	0	0	0
OTU745	0	155	0	0	0	0	86	88	0	0	0	0	0	0	0	0	0	0	0	0	0	0	0	0	0	0	0	405	0	0	0	0	0	0
OTU824	37	103	0	0	0	137	42	12	0	0	0	0	0	1	0	0	0	0	0	0	0	0	0	0	0	0	0	0	0	0	0	0	0	0
OTU1043	0	0	6	0	0	576	53	0	0	0	0	1	0	0	0	0	0	0	0	0	0	0	0	0	0	0	0	0	0	0	0	0	0	0
OTU1223	1	0	0	79	0	55	0	0	0	0	0	0	0	0	0	0	0	0	0	0	0	0	0	0	0	0	0	0	0	0	0	0	0	0
OTU1286	0	0	0	0	57	0	0	21	0	0	0	0	0	0	0	0	0	0	0	0	0	0	0	0	0	0	0	0	0	0	0	0	0	0
OTU1354	0	0	0	0	0	109	0	100	0	0	0	0	0	0	0	0	0	0	0	0	0	0	0	0	0	0	0	0	0	0	0	0	0	0
OTU136	33	0	0	46	506	2764	301	0	0	5	0	0	4	2	0	0	0	0	49	141	61	0	2	0	0	0	0	0	0	0	0	0	0	108
OTU1469	0	0	0	0	0	0	121	95	0	0	0	1	0	3	0	0	0	0	0	0	0	0	0	0	0	0	0	0	0	0	0	0	0	0
OTU1507	0	0	25	0	0	7	0	5	0	0	0	0	0	0	0	0	0	0	0	0	0	0	0	0	0	0	0	0	0	0	0	0	0	0
OTU1513	0	0	32	14	7	14	0	33	0	0	0	0	0	0	0	0	0	0	0	0	0	0	0	0	0	0	0	0	0	0	0	0	0	0
OTU1539	46	0	0	21	0	329	105	103	0	0	0	0	0	0	0	0	0	0	0	0	0	0	0	0	0	0	0	0	0	0	0	0	0	0
OTU1543	0	0	0	0	78	0	0	259	0	0	0	0	0	0	0	0	0	0	0	0	0	0	0	0	0	0	0	0	0	0	0	0	0	0
OTU166	1	0	0	0	0	0	0	0	101	0	16	192	2	16	2	14	0	163	559	4	3	2	0	1	11	0	0	0	0	0	0	17	0	0
OTU1680	0	0	0	0	0	0	58	22	0	0	0	0	0	0	0	0	0	0	0	0	0	0	0	0	0	0	0	0	0	0	0	0	0	0
OTU1688	0	0	0	0	0	713	417	1816	0	0	0	0	1	0	5	0	0	0	0	0	0	0	0	0	0	0	0	0	0	0	0	0	0	0
OTU172	0	71	0	0	0	0	293	207	0	0	0	0	0	1	1	0	0	0	0	0	0	0	0	0	0	0	0	0	0	0	0	0	0	0
OTU216	0	18	3	0	1	53	18	73	0	0	0	0	0	0	0	0	0	0	0	0	0	0	0	0	0	0	0	13	0	0	0	0	0	0
OTU2202	0	0	0	0	0	124	180	99	0	0	0	0	0	0	1	0	0	0	0	0	0	0	0	0	0	0	0	0	0	0	0	0	0	0
OTU2342	0	0	0	0	0	48	0	18	0	0	0	0	0	0	0	0	0	0	0	0	0	0	0	0	0	0	0	0	0	0	0	0	0	0
OTU2347	0	0	0	0	0	12	0	16	0	0	0	0	0	0	0	0	0	0	0	0	0	0	0	0	0	0	0	0	0	0	0	0	0	0
OTU297	1	230	63	43	133	1092	624	1775	0	1	0	0	1	2	2	0	1	0	0	0	0	0	0	0	0	1	0	308	0	0	0	0	0	0
OTU479	0	1521	160	217	1	236	57	525	0	0	1	0	0	0	1	0	0	0	0	0	1	0	0	0	0	0	0	1364	0	0	0	24	0	1
OTU48	0	0	1	0	0	0	0	5	0	0	0	0	0	0	0	0	0	0	0	0	0	0	0	0	0	0	0	1	0	0	0	0	0	0
OTU492	76	0	0	0	0	0	0	2	0	0	0	0	0	0	0	0	0	0	0	0	0	0	0	0	0	1	0	0	0	0	0	0	0	0
OTU525	0	2	4	1	2	24	21	45	0	0	0	0	0	0	0	0	0	0	0	0	0	0	0	0	0	0	0	1	0	0	0	0	0	0
OTU530	0	0	107	0	0	634	371	637	0	0	0	1	4	4	2	0	0	0	0	0	0	0	0	0	0	0	0	0	0	0	0	0	0	0
OTU585	0	42	210	1807	1460	211	12	1275	0	5	0	0	0	0	0	0	0	1	0	1	0	0	0	0	0	0	0	521	0	0	83	0	0	0
OTU648	0	1248	372	55	671	3091	1168	3361	0	2	1	0	5	4	7	0	0	0	1	0	2	0	0	0	0	0	2	938	0	0	0	0	0	0
OTU659	0	12	9	3328	0	2613	3691	5593	0	0	2	0	3	8	5	0	1	0	0	1	1	0	0	0	0	0	0	1	0	0	0	0	0	0
OTU66	0	1	0	458	0	92	0	300	0	0	0	0	0	0	0	0	0	0	0	0	0	0	0	0	0	0	0	0	0	0	0	0	0	0
OTU681	0	21	0	0	0	994	608	691	0	0	0	0	0	235	1	0	1	0	0	0	1	0	0	0	48	0	0	0	0	0	42	0	0	0
OTU693	0	180	29	0	58	250	103	229	0	0	0	0	0	0	0	0	0	0	0	0	1	0	0	0	1	29	0	237	0	0	0	0	0	0
OTU746	0	110	0	0	8	0	31	32	0	0	0	0	0	0	0	0	0	0	0	0	0	0	0	0	0	0	0	275	0	0	0	0	0	0
OTU774	0	48	0	0	0	230	45	181	0	0	0	0	0	0	0	0	0	0	0	0	0	0	0	0	0	0	0	34	0	0	0	0	0	0
OTU777	0	341	1	26	99	146	10	196	0	0	0	0	0	0	0	0	0	0	0	0	0	2	1	0	0	0	0	43	0	0	0	0	0	0
OTU80	20	319	1019	537	741	2089	1253	1057	2	0	1	1	3	5	0	4	0	146	93	128	7	88	154	2	1	0	2	394	1	1	2	169	3	1
OTU814	0	0	0	0	0	0	1	6	0	0	0	0	0	0	0	0	0	0	0	0	0	0	0	0	0	0	0	6	0	0	0	0	0	0
OTU822	0	70	0	0	0	19	0	45	0	0	0	0	0	0	0	0	0	0	0	0	0	0	0	0	0	0	0	0	0	0	0	0	0	0
OTU825	0	91	65	0	0	86	89	126	0	0	0	0	0	0	0	0	0	0	0	0	0	0	0	0	0	0	0	0	0	0	0	0	0	0
OTU849	0	18	0	0	0	0	5	0	0	0	0	0	0	0	0	0	0	0	0	0	0	0	0	0	0	0	0	0	0	0	0	0	0	0
OTU856	0	1	0	10	60	27	6	554	0	0	0	0	0	0	2	0	0	0	0	0	0	0	0	0	0	0	0	0	0	0	0	0	0	0
OTU99	0	0	3	0	0	0	0	0	3	0	1	12	3	6	1	17	0	0	2	1	2	3	0	4	5	1	5	0	0	1	3	2	0	0
